0.200000 5.925000e-02 0.022361 5.299481e-01
0.600000 5.025000e-02 0.067082 4.494497e-01
1.000000 5.950000e-02 0.111803 5.321842e-01
1.400000 6.000000e-02 0.156525 5.366563e-01
1.800000 4.850000e-02 0.201246 4.337972e-01
2.200000 4.900000e-02 0.245967 4.382693e-01
2.600000 5.475000e-02 0.290689 4.896989e-01
3.000000 5.575000e-02 0.335410 4.986432e-01
3.400000 5.250000e-02 0.380132 4.695743e-01
3.800000 5.550000e-02 0.424853 4.964071e-01
4.200000 5.100000e-02 0.469574 4.561579e-01
4.600000 4.925000e-02 0.514296 4.405054e-01
5.000000 5.325000e-02 0.559017 4.762825e-01
5.400000 4.550000e-02 0.603738 4.069644e-01
5.800000 4.725000e-02 0.648460 4.226168e-01
6.200000 4.650000e-02 0.693181 4.159086e-01
6.600000 4.225000e-02 0.737902 3.778955e-01
7.000000 4.500000e-02 0.782624 4.024922e-01
7.400000 4.900000e-02 0.827345 4.382693e-01
7.800000 4.375000e-02 0.872067 3.913119e-01
8.200000 4.050000e-02 0.916788 3.622430e-01
8.600000 4.425000e-02 0.961509 3.957840e-01
9.000000 4.300000e-02 1.006231 3.846037e-01
9.400000 4.175000e-02 1.050952 3.734234e-01
9.800000 3.700000e-02 1.095673 3.309381e-01
10.200000 3.750000e-01 1.140395 3.354102e+00
10.600000 3.750000e-02 1.185116 3.354102e-01
11.000000 4.075000e-02 1.229837 3.644791e-01
11.400000 3.950000e-02 1.274559 3.532987e-01
11.800000 4.000000e-02 1.319280 3.577709e-01
12.200000 3.450000e-02 1.364001 3.085774e-01
12.600000 3.475000e-02 1.408723 3.108134e-01
13.000000 3.075000e-02 1.453444 2.750364e-01
13.400000 3.500000e-02 1.498166 3.130495e-01
13.800000 3.050000e-02 1.542887 2.728003e-01
14.200000 2.675000e-02 1.587608 2.392593e-01
14.600000 3.075000e-02 1.632330 2.750364e-01
15.000000 3.100000e-02 1.677051 2.772724e-01
15.400000 3.125000e-02 1.721772 2.795085e-01
15.800000 2.825000e-02 1.766494 2.526757e-01
16.200000 2.300000e-02 1.811215 2.057183e-01
16.600000 2.925000e-02 1.855936 2.616200e-01
17.000000 2.400000e-02 1.900658 2.146625e-01
17.400000 2.475000e-02 1.945379 2.213707e-01
17.800000 2.375000e-02 1.990100 2.124265e-01
18.200000 1.825000e-02 2.034822 1.632330e-01
18.600000 1.925000e-02 2.079543 1.721772e-01
19.000000 2.075000e-02 2.124265 1.855936e-01
19.400000 1.850000e-02 2.168986 1.654690e-01
19.800000 1.800000e-02 2.213707 1.609969e-01
20.200000 1.175000e-02 2.258429 1.050952e-01
20.600000 1.200000e-02 2.303150 1.073313e-01
21.000000 1.275000e-02 2.347871 1.140395e-01
21.400000 1.125000e-02 2.392593 1.006231e-01
21.800000 8.000000e-03 2.437314 7.155418e-02
22.200000 8.250000e-03 2.482035 7.379024e-02
22.600000 1.075000e-02 2.526757 9.615092e-02
23.000000 1.075000e-02 2.571478 9.615092e-02
23.400000 9.500000e-03 2.616200 8.497058e-02
23.800000 6.250000e-03 2.660921 5.590170e-02
24.200000 8.250000e-03 2.705642 7.379024e-02
24.600000 6.250000e-03 2.750364 5.590170e-02
25.000000 6.250000e-03 2.795085 5.590170e-02
25.400000 6.250000e-03 2.839806 5.590170e-02
25.800000 4.500000e-03 2.884528 4.024922e-02
26.200000 5.750000e-03 2.929249 5.142956e-02
26.600000 4.250000e-03 2.973970 3.801316e-02
27.000000 5.500000e-03 3.018692 4.919350e-02
27.400000 5.000000e-03 3.063413 4.472136e-02
27.800000 4.500000e-03 3.108134 4.024922e-02
28.200000 1.750000e-03 3.152856 1.565248e-02
28.600000 4.250000e-03 3.197577 3.801316e-02
29.000000 3.750000e-03 3.242299 3.354102e-02
29.400000 1.750000e-03 3.287020 1.565248e-02
29.800000 2.750000e-03 3.331741 2.459675e-02
30.200000 1.750000e-03 3.376463 1.565248e-02
30.600000 1.250000e-03 3.421184 1.118034e-02
31.000000 3.000000e-03 3.465905 2.683282e-02
31.400000 1.250000e-03 3.510627 1.118034e-02
31.800000 2.750000e-03 3.555348 2.459675e-02
32.200000 2.250000e-03 3.600069 2.012461e-02
32.600000 2.250000e-03 3.644791 2.012461e-02
33.000000 2.750000e-03 3.689512 2.459675e-02
33.400000 2.250000e-03 3.734234 2.012461e-02
33.800000 5.000000e-04 3.778955 4.472136e-03
34.200000 1.000000e-03 3.823676 8.944272e-03
34.600000 5.000000e-04 3.868398 4.472136e-03
35.000000 1.250000e-03 3.913119 1.118034e-02
35.400000 7.500000e-04 3.957840 6.708204e-03
35.800000 5.000000e-04 4.002562 4.472136e-03
36.200000 1.250000e-03 4.047283 1.118034e-02
36.600000 5.000000e-04 4.092004 4.472136e-03
37.000000 7.500000e-04 4.136726 6.708204e-03
37.400000 1.250000e-03 4.181447 1.118034e-02
37.800000 0.000000e+00 4.226168 0.000000e+00
38.200000 1.250000e-03 4.270890 1.118034e-02
38.600000 5.000000e-04 4.315611 4.472136e-03
39.000000 1.500000e-03 4.360333 1.341641e-02
39.400000 0.000000e+00 4.405054 0.000000e+00
39.800000 7.500000e-04 4.449775 6.708204e-03
40.200000 5.000000e-04 4.494497 4.472136e-03
40.600000 0.000000e+00 4.539218 0.000000e+00
41.000000 2.500000e-04 4.583939 2.236068e-03
41.400000 5.000000e-04 4.628661 4.472136e-03
41.800000 0.000000e+00 4.673382 0.000000e+00
42.200000 5.000000e-04 4.718103 4.472136e-03
42.600000 2.500000e-04 4.762825 2.236068e-03
43.000000 5.000000e-04 4.807546 4.472136e-03
43.400000 2.500000e-04 4.852268 2.236068e-03
43.800000 5.000000e-04 4.896989 4.472136e-03
44.200000 2.500000e-04 4.941710 2.236068e-03
44.600000 5.000000e-04 4.986432 4.472136e-03
45.000000 2.500000e-04 5.031153 2.236068e-03
45.400000 5.000000e-04 5.075874 4.472136e-03
45.800000 2.500000e-04 5.120596 2.236068e-03
46.200000 0.000000e+00 5.165317 0.000000e+00
46.600000 0.000000e+00 5.210038 0.000000e+00
47.000000 0.000000e+00 5.254760 0.000000e+00
47.400000 2.500000e-04 5.299481 2.236068e-03
47.800000 2.500000e-04 5.344202 2.236068e-03
48.200000 0.000000e+00 5.388924 0.000000e+00
48.600000 2.500000e-04 5.433645 2.236068e-03
49.000000 0.000000e+00 5.478367 0.000000e+00
49.400000 0.000000e+00 5.523088 0.000000e+00
49.800000 0.000000e+00 5.567809 0.000000e+00
50.200000 0.000000e+00 5.612531 0.000000e+00
50.600000 0.000000e+00 5.657252 0.000000e+00
51.000000 0.000000e+00 5.701973 0.000000e+00
51.400000 0.000000e+00 5.746695 0.000000e+00
51.800000 0.000000e+00 5.791416 0.000000e+00
52.200000 0.000000e+00 5.836137 0.000000e+00
52.600000 0.000000e+00 5.880859 0.000000e+00
53.000000 2.500000e-04 5.925580 2.236068e-03
53.400000 0.000000e+00 5.970301 0.000000e+00
53.800000 0.000000e+00 6.015023 0.000000e+00
54.200000 0.000000e+00 6.059744 0.000000e+00
54.600000 0.000000e+00 6.104466 0.000000e+00
55.000000 0.000000e+00 6.149187 0.000000e+00
55.400000 0.000000e+00 6.193908 0.000000e+00
55.800000 0.000000e+00 6.238630 0.000000e+00
56.200000 0.000000e+00 6.283351 0.000000e+00
56.600000 0.000000e+00 6.328072 0.000000e+00
57.000000 0.000000e+00 6.372794 0.000000e+00
57.400000 0.000000e+00 6.417515 0.000000e+00
57.800000 0.000000e+00 6.462236 0.000000e+00
58.200000 0.000000e+00 6.506958 0.000000e+00
58.600000 2.500000e-04 6.551679 2.236068e-03
59.000000 0.000000e+00 6.596401 0.000000e+00
59.400000 0.000000e+00 6.641122 0.000000e+00
59.800000 0.000000e+00 6.685843 0.000000e+00
60.200000 0.000000e+00 6.730565 0.000000e+00
60.600000 0.000000e+00 6.775286 0.000000e+00
61.000000 0.000000e+00 6.820007 0.000000e+00
61.400000 0.000000e+00 6.864729 0.000000e+00
61.800000 0.000000e+00 6.909450 0.000000e+00
62.200000 0.000000e+00 6.954171 0.000000e+00
62.600000 0.000000e+00 6.998893 0.000000e+00
63.000000 0.000000e+00 7.043614 0.000000e+00
63.400000 0.000000e+00 7.088335 0.000000e+00
63.800000 0.000000e+00 7.133057 0.000000e+00
64.200000 0.000000e+00 7.177778 0.000000e+00
64.600000 0.000000e+00 7.222500 0.000000e+00
65.000000 0.000000e+00 7.267221 0.000000e+00
65.400000 0.000000e+00 7.311942 0.000000e+00
65.800000 0.000000e+00 7.356664 0.000000e+00
66.200000 0.000000e+00 7.401385 0.000000e+00
66.600000 0.000000e+00 7.446106 0.000000e+00
67.000000 0.000000e+00 7.490828 0.000000e+00
67.400000 0.000000e+00 7.535549 0.000000e+00
67.800000 0.000000e+00 7.580270 0.000000e+00
68.200000 0.000000e+00 7.624992 0.000000e+00
68.600000 0.000000e+00 7.669713 0.000000e+00
69.000000 0.000000e+00 7.714435 0.000000e+00
69.400000 0.000000e+00 7.759156 0.000000e+00
69.800000 0.000000e+00 7.803877 0.000000e+00
70.200000 0.000000e+00 7.848599 0.000000e+00
70.600000 0.000000e+00 7.893320 0.000000e+00
71.000000 0.000000e+00 7.938041 0.000000e+00
71.400000 0.000000e+00 7.982763 0.000000e+00
71.800000 0.000000e+00 8.027484 0.000000e+00
72.200000 0.000000e+00 8.072205 0.000000e+00
72.600000 0.000000e+00 8.116927 0.000000e+00
73.000000 0.000000e+00 8.161648 0.000000e+00
73.400000 0.000000e+00 8.206369 0.000000e+00
73.800000 0.000000e+00 8.251091 0.000000e+00
74.200000 0.000000e+00 8.295812 0.000000e+00
74.600000 0.000000e+00 8.340534 0.000000e+00
75.000000 0.000000e+00 8.385255 0.000000e+00
75.400000 0.000000e+00 8.429976 0.000000e+00
75.800000 0.000000e+00 8.474698 0.000000e+00
76.200000 0.000000e+00 8.519419 0.000000e+00
76.600000 0.000000e+00 8.564140 0.000000e+00
77.000000 0.000000e+00 8.608862 0.000000e+00
77.400000 0.000000e+00 8.653583 0.000000e+00
77.800000 0.000000e+00 8.698304 0.000000e+00
78.200000 0.000000e+00 8.743026 0.000000e+00
78.600000 0.000000e+00 8.787747 0.000000e+00
79.000000 0.000000e+00 8.832469 0.000000e+00
79.400000 0.000000e+00 8.877190 0.000000e+00
79.800000 0.000000e+00 8.921911 0.000000e+00
