0 10000 0 
1 9986 14 
2 9974 26 
3 9956 44 
4 9944 56 
5 9924 76 
6 9912 88 
7 9904 95 
8 9891 108 
9 9875 123 
10 9859 138 
11 9849 148 
12 9843 153 
13 9830 166 
14 9812 184 
15 9800 195 
16 9785 210 
17 9776 219 
18 9759 236 
19 9748 246 
20 9729 265 
21 9713 279 
22 9700 291 
23 9689 301 
24 9677 313 
25 9663 326 
26 9648 336 
27 9630 354 
28 9621 363 
29 9612 371 
30 9604 377 
31 9596 379 
32 9580 395 
33 9565 410 
34 9550 423 
35 9537 434 
36 9528 441 
37 9509 460 
38 9493 473 
39 9477 489 
40 9464 500 
41 9451 511 
42 9443 516 
43 9428 527 
44 9409 544 
45 9398 552 
46 9387 561 
47 9371 575 
48 9358 586 
49 9347 596 
50 9332 611 
51 9323 620 
52 9313 627 
53 9296 641 
54 9280 657 
55 9262 673 
56 9251 682 
57 9239 693 
58 9229 701 
59 9218 710 
60 9200 726 
61 9184 740 
62 9168 754 
63 9158 764 
64 9141 780 
65 9133 788 
66 9119 797 
67 9109 806 
68 9095 818 
69 9082 829 
70 9073 834 
71 9062 844 
72 9047 858 
73 9035 869 
74 9030 872 
75 9021 881 
76 9005 892 
77 8996 897 
78 8988 903 
79 8982 908 
80 8970 918 
81 8955 931 
82 8940 946 
83 8929 955 
84 8921 960 
85 8911 969 
86 8902 976 
87 8892 984 
88 8882 992 
89 8871 1001 
90 8860 1010 
91 8852 1017 
92 8844 1020 
93 8826 1038 
94 8816 1044 
95 8805 1050 
96 8785 1064 
97 8776 1071 
98 8761 1082 
99 8756 1085 
100 8742 1098 
101 8729 1109 
102 8718 1113 
103 8703 1127 
104 8690 1135 
105 8679 1144 
106 8666 1155 
107 8655 1166 
108 8643 1176 
109 8627 1188 
110 8616 1196 
111 8609 1200 
112 8594 1211 
113 8587 1216 
114 8574 1223 
115 8560 1234 
116 8546 1244 
117 8538 1250 
118 8528 1258 
119 8518 1266 
120 8503 1278 
121 8491 1287 
122 8482 1289 
123 8471 1298 
124 8461 1307 
125 8448 1313 
126 8439 1319 
127 8426 1328 
128 8412 1339 
129 8399 1350 
130 8385 1361 
131 8375 1365 
132 8359 1375 
133 8351 1374 
134 8337 1384 
135 8323 1396 
136 8314 1398 
137 8306 1404 
138 8297 1408 
139 8287 1416 
140 8280 1419 
141 8270 1426 
142 8258 1436 
143 8252 1438 
144 8233 1454 
145 8219 1463 
146 8207 1473 
147 8193 1485 
148 8184 1490 
149 8171 1495 
150 8154 1510 
151 8148 1510 
152 8138 1517 
153 8125 1525 
154 8113 1535 
155 8104 1541 
156 8092 1550 
157 8081 1556 
158 8071 1561 
159 8060 1567 
160 8044 1581 
161 8030 1589 
162 8016 1600 
163 8009 1601 
164 7992 1614 
165 7981 1621 
166 7970 1627 
167 7959 1634 
168 7943 1650 
169 7929 1663 
170 7923 1664 
171 7908 1675 
172 7898 1683 
173 7890 1683 
174 7882 1685 
175 7871 1691 
176 7860 1694 
177 7846 1699 
178 7840 1698 
179 7835 1698 
180 7823 1708 
181 7809 1714 
182 7799 1719 
183 7792 1718 
184 7779 1727 
185 7766 1735 
186 7757 1742 
187 7743 1750 
188 7728 1763 
189 7717 1765 
190 7710 1768 
191 7696 1779 
192 7689 1784 
193 7679 1790 
194 7662 1804 
195 7652 1808 
196 7641 1815 
197 7632 1817 
198 7616 1829 
199 7601 1841 
200 7590 1844 
201 7583 1846 
202 7575 1846 
203 7561 1855 
204 7548 1860 
205 7538 1868 
206 7523 1882 
207 7513 1889 
208 7503 1894 
209 7496 1898 
210 7487 1902 
211 7477 1906 
212 7464 1913 
213 7457 1917 
214 7448 1922 
215 7436 1928 
216 7425 1939 
217 7413 1943 
218 7405 1943 
219 7399 1946 
220 7387 1955 
221 7376 1954 
222 7368 1957 
223 7361 1957 
224 7353 1962 
225 7343 1970 
226 7330 1977 
227 7325 1979 
228 7313 1980 
229 7305 1982 
230 7295 1983 
231 7285 1984 
232 7276 1986 
233 7265 1989 
234 7258 1988 
235 7245 1998 
236 7238 2000 
237 7224 2006 
238 7215 2007 
239 7208 2006 
240 7197 2010 
241 7187 2017 
242 7181 2017 
243 7172 2020 
244 7164 2025 
245 7149 2037 
246 7134 2043 
247 7128 2046 
248 7108 2059 
249 7095 2066 
250 7086 2067 
251 7073 2076 
252 7063 2080 
253 7056 2084 
254 7045 2093 
255 7038 2095 
256 7029 2098 
257 7019 2103 
258 7010 2110 
259 6997 2120 
260 6985 2122 
261 6972 2127 
262 6961 2134 
263 6951 2135 
264 6946 2130 
265 6934 2134 
266 6924 2134 
267 6914 2139 
268 6899 2144 
269 6895 2141 
270 6885 2146 
271 6874 2155 
272 6859 2167 
273 6846 2171 
274 6834 2180 
275 6828 2182 
276 6816 2192 
277 6804 2198 
278 6793 2201 
279 6783 2205 
280 6774 2208 
281 6762 2213 
282 6754 2216 
283 6745 2219 
284 6739 2218 
285 6731 2222 
286 6726 2217 
287 6721 2215 
288 6713 2217 
289 6703 2224 
290 6687 2229 
291 6682 2226 
292 6674 2229 
293 6664 2232 
294 6655 2233 
295 6643 2242 
296 6635 2247 
297 6623 2252 
298 6620 2249 
299 6605 2261 
300 6591 2270 
301 6581 2273 
302 6576 2270 
303 6565 2276 
304 6560 2271 
305 6548 2273 
306 6542 2272 
307 6538 2269 
308 6527 2274 
309 6522 2274 
310 6513 2275 
311 6500 2283 
312 6490 2285 
313 6478 2287 
314 6468 2294 
315 6463 2294 
316 6455 2295 
317 6445 2299 
318 6439 2298 
319 6428 2301 
320 6421 2302 
321 6411 2307 
322 6405 2306 
323 6400 2306 
324 6394 2302 
325 6386 2306 
326 6377 2308 
327 6370 2310 
328 6367 2308 
329 6362 2304 
330 6354 2307 
331 6349 2305 
332 6340 2309 
333 6336 2308 
334 6320 2315 
335 6310 2319 
336 6303 2323 
337 6288 2332 
338 6280 2332 
339 6275 2328 
340 6271 2327 
341 6266 2321 
342 6258 2320 
343 6255 2318 
344 6246 2323 
345 6243 2320 
346 6231 2331 
347 6223 2336 
348 6215 2335 
349 6206 2336 
350 6194 2342 
351 6186 2341 
352 6178 2343 
353 6170 2343 
354 6168 2340 
355 6164 2341 
356 6156 2343 
357 6151 2342 
358 6143 2347 
359 6133 2353 
360 6130 2352 
361 6124 2348 
362 6116 2343 
363 6107 2347 
364 6099 2351 
365 6088 2357 
366 6077 2360 
367 6066 2361 
368 6058 2356 
369 6052 2356 
370 6040 2363 
371 6030 2368 
372 6025 2366 
373 6013 2364 
374 6005 2364 
375 5995 2367 
376 5982 2376 
377 5975 2378 
378 5964 2384 
379 5955 2389 
380 5947 2390 
381 5939 2393 
382 5925 2404 
383 5917 2410 
384 5910 2414 
385 5900 2417 
386 5893 2415 
387 5886 2417 
388 5884 2406 
389 5882 2403 
390 5871 2409 
391 5862 2412 
392 5853 2414 
393 5845 2413 
394 5840 2411 
395 5830 2415 
396 5819 2418 
397 5809 2425 
398 5804 2427 
399 5797 2428 
400 5786 2431 
401 5777 2428 
402 5772 2423 
403 5761 2431 
404 5754 2429 
405 5748 2432 
406 5742 2438 
407 5732 2442 
408 5727 2439 
409 5718 2446 
410 5711 2443 
411 5704 2445 
412 5697 2450 
413 5690 2454 
414 5681 2455 
415 5672 2456 
416 5662 2460 
417 5654 2460 
418 5644 2465 
419 5631 2467 
420 5620 2470 
421 5610 2477 
422 5605 2477 
423 5594 2477 
424 5594 2470 
425 5582 2478 
426 5571 2480 
427 5562 2482 
428 5554 2486 
429 5543 2494 
430 5536 2495 
431 5528 2496 
432 5520 2492 
433 5514 2490 
434 5501 2497 
435 5486 2509 
436 5476 2511 
437 5468 2513 
438 5463 2511 
439 5461 2508 
440 5454 2506 
441 5443 2512 
442 5441 2506 
443 5438 2503 
444 5433 2502 
445 5427 2505 
446 5419 2506 
447 5407 2507 
448 5400 2504 
449 5392 2505 
450 5382 2515 
451 5375 2512 
452 5367 2518 
453 5360 2517 
454 5352 2521 
455 5338 2528 
456 5333 2527 
457 5325 2532 
458 5315 2532 
459 5307 2532 
460 5299 2534 
461 5288 2539 
462 5282 2536 
463 5279 2530 
464 5272 2528 
465 5264 2530 
466 5257 2533 
467 5250 2527 
468 5236 2535 
469 5228 2537 
470 5219 2540 
471 5215 2533 
472 5206 2537 
473 5201 2532 
474 5197 2528 
475 5185 2534 
476 5178 2534 
477 5166 2543 
478 5159 2540 
479 5152 2540 
480 5148 2536 
481 5143 2534 
482 5133 2537 
483 5123 2541 
484 5116 2540 
485 5105 2542 
486 5098 2541 
487 5090 2540 
488 5083 2540 
489 5076 2536 
490 5068 2538 
491 5059 2543 
492 5051 2543 
493 5044 2550 
494 5038 2548 
495 5025 2555 
496 5020 2548 
497 5010 2551 
498 5003 2551 
499 4992 2553 
500 4986 2553 
501 4983 2551 
502 4978 2549 
503 4969 2555 
504 4962 2549 
505 4957 2550 
506 4947 2552 
507 4943 2545 
508 4936 2550 
509 4931 2548 
510 4921 2549 
511 4915 2548 
512 4909 2548 
513 4907 2541 
514 4904 2541 
515 4894 2544 
516 4890 2537 
517 4885 2536 
518 4877 2538 
519 4871 2536 
520 4864 2536 
521 4858 2537 
522 4852 2537 
523 4841 2541 
524 4832 2543 
525 4827 2539 
526 4821 2541 
527 4815 2545 
528 4809 2542 
529 4800 2543 
530 4795 2545 
531 4791 2543 
532 4780 2549 
533 4768 2559 
534 4762 2560 
535 4754 2564 
536 4749 2561 
537 4738 2563 
538 4730 2564 
539 4724 2565 
540 4719 2566 
541 4712 2568 
542 4709 2564 
543 4704 2560 
544 4695 2559 
545 4687 2560 
546 4683 2553 
547 4681 2548 
548 4676 2545 
549 4667 2548 
550 4663 2543 
551 4655 2545 
552 4653 2544 
553 4649 2545 
554 4639 2551 
555 4635 2548 
556 4631 2549 
557 4627 2542 
558 4616 2547 
559 4611 2542 
560 4604 2543 
561 4595 2544 
562 4589 2540 
563 4585 2537 
564 4581 2539 
565 4577 2538 
566 4572 2541 
567 4566 2542 
568 4559 2546 
569 4557 2538 
570 4549 2535 
571 4538 2538 
572 4532 2539 
573 4530 2533 
574 4517 2540 
575 4507 2543 
576 4499 2538 
577 4493 2533 
578 4483 2537 
579 4480 2533 
580 4473 2535 
581 4469 2528 
582 4462 2523 
583 4456 2522 
584 4446 2525 
585 4440 2527 
586 4433 2528 
587 4425 2527 
588 4418 2527 
589 4410 2527 
590 4404 2527 
591 4399 2522 
592 4394 2516 
593 4384 2517 
594 4376 2520 
595 4366 2526 
596 4359 2528 
597 4354 2526 
598 4350 2522 
599 4343 2520 
600 4336 2518 
601 4330 2514 
602 4326 2515 
603 4321 2513 
604 4319 2507 
605 4311 2505 
606 4309 2502 
607 4305 2495 
608 4297 2497 
609 4286 2501 
610 4277 2502 
611 4270 2505 
612 4265 2498 
613 4259 2498 
614 4253 2496 
615 4245 2493 
616 4237 2495 
617 4232 2493 
618 4229 2487 
619 4221 2487 
620 4218 2481 
621 4212 2480 
622 4207 2480 
623 4202 2477 
624 4199 2471 
625 4190 2473 
626 4184 2472 
627 4181 2470 
628 4177 2467 
629 4171 2464 
630 4165 2465 
631 4164 2463 
632 4158 2461 
633 4147 2467 
634 4147 2462 
635 4140 2462 
636 4133 2463 
637 4126 2466 
638 4121 2462 
639 4115 2465 
640 4112 2461 
641 4107 2458 
642 4102 2451 
643 4094 2456 
644 4086 2458 
645 4083 2455 
646 4075 2451 
647 4068 2449 
648 4067 2446 
649 4061 2448 
650 4055 2447 
651 4053 2441 
652 4049 2440 
653 4045 2439 
654 4041 2437 
655 4031 2441 
656 4030 2437 
657 4027 2435 
658 4020 2432 
659 4017 2428 
660 4009 2433 
661 4004 2433 
662 3998 2428 
663 3993 2430 
664 3991 2424 
665 3986 2424 
666 3981 2423 
667 3977 2421 
668 3969 2421 
669 3964 2420 
670 3964 2413 
671 3957 2416 
672 3952 2418 
673 3947 2416 
674 3937 2415 
675 3928 2417 
676 3920 2421 
677 3917 2419 
678 3910 2421 
679 3903 2422 
680 3896 2422 
681 3889 2422 
682 3884 2414 
683 3880 2414 
684 3875 2413 
685 3867 2418 
686 3858 2419 
687 3852 2421 
688 3848 2419 
689 3843 2418 
690 3841 2411 
691 3839 2406 
692 3835 2401 
693 3829 2400 
694 3824 2396 
695 3819 2395 
696 3813 2396 
697 3812 2387 
698 3800 2393 
699 3796 2391 
700 3791 2387 
701 3787 2386 
702 3777 2388 
703 3775 2384 
704 3770 2382 
705 3762 2384 
706 3760 2376 
707 3754 2379 
708 3749 2382 
709 3743 2385 
710 3739 2381 
711 3733 2384 
712 3727 2385 
713 3723 2382 
714 3718 2377 
715 3713 2378 
716 3710 2377 
717 3704 2377 
718 3701 2373 
719 3697 2374 
720 3690 2376 
721 3686 2376 
722 3678 2374 
723 3674 2370 
724 3667 2364 
725 3658 2365 
726 3655 2362 
727 3645 2368 
728 3640 2369 
729 3633 2371 
730 3625 2374 
731 3614 2382 
732 3613 2378 
733 3608 2376 
734 3604 2374 
735 3594 2378 
736 3588 2374 
737 3584 2372 
738 3578 2375 
739 3570 2376 
740 3563 2372 
741 3555 2372 
742 3551 2369 
743 3547 2367 
744 3544 2366 
745 3537 2366 
746 3531 2370 
747 3528 2366 
748 3524 2362 
749 3522 2355 
750 3516 2354 
751 3509 2357 
752 3504 2359 
753 3497 2363 
754 3491 2364 
755 3486 2365 
756 3478 2367 
757 3475 2366 
758 3469 2366 
759 3466 2363 
760 3461 2361 
761 3458 2353 
762 3450 2352 
763 3440 2352 
764 3436 2353 
765 3431 2353 
766 3428 2352 
767 3423 2352 
768 3418 2349 
769 3411 2348 
770 3409 2346 
771 3406 2341 
772 3396 2348 
773 3389 2348 
774 3386 2341 
775 3383 2336 
776 3376 2341 
777 3370 2342 
778 3364 2341 
779 3361 2341 
780 3356 2338 
781 3348 2339 
782 3340 2335 
783 3337 2335 
784 3333 2328 
785 3326 2333 
786 3324 2331 
787 3321 2333 
788 3317 2334 
789 3313 2332 
790 3307 2334 
791 3304 2330 
792 3299 2330 
793 3295 2327 
794 3289 2331 
795 3286 2330 
796 3284 2329 
797 3279 2326 
798 3278 2320 
799 3274 2315 
800 3271 2311 
801 3266 2310 
802 3265 2305 
803 3263 2298 
804 3257 2301 
805 3254 2297 
806 3249 2293 
807 3246 2289 
808 3241 2290 
809 3236 2288 
810 3230 2288 
811 3228 2281 
812 3226 2279 
813 3221 2279 
814 3216 2280 
815 3214 2273 
816 3210 2271 
817 3203 2267 
818 3199 2265 
819 3195 2261 
820 3192 2261 
821 3185 2263 
822 3181 2264 
823 3178 2263 
824 3172 2264 
825 3170 2260 
826 3168 2255 
827 3164 2253 
828 3161 2251 
829 3161 2242 
830 3159 2239 
831 3156 2237 
832 3151 2239 
833 3147 2236 
834 3143 2236 
835 3140 2233 
836 3136 2233 
837 3134 2225 
838 3131 2222 
839 3129 2220 
840 3126 2219 
841 3123 2218 
842 3120 2212 
843 3116 2210 
844 3114 2203 
845 3112 2196 
846 3107 2197 
847 3105 2191 
848 3098 2190 
849 3094 2188 
850 3090 2187 
851 3086 2184 
852 3086 2178 
853 3083 2175 
854 3074 2174 
855 3071 2171 
856 3067 2167 
857 3057 2172 
858 3054 2170 
859 3047 2169 
860 3044 2163 
861 3040 2160 
862 3038 2153 
863 3033 2154 
864 3030 2153 
865 3026 2154 
866 3023 2150 
867 3020 2148 
868 3018 2142 
869 3010 2144 
870 3006 2141 
871 3003 2140 
872 3001 2133 
873 2996 2135 
874 2994 2134 
875 2990 2134 
876 2986 2134 
877 2983 2133 
878 2981 2129 
879 2978 2126 
880 2974 2125 
881 2964 2126 
882 2963 2119 
883 2961 2111 
884 2959 2102 
885 2955 2100 
886 2950 2098 
887 2949 2095 
888 2945 2094 
889 2944 2093 
890 2939 2093 
891 2938 2082 
892 2934 2080 
893 2931 2080 
894 2924 2082 
895 2919 2084 
896 2916 2081 
897 2913 2078 
898 2910 2076 
899 2905 2074 
900 2903 2070 
901 2893 2074 
902 2890 2071 
903 2884 2067 
904 2879 2067 
905 2874 2064 
906 2868 2066 
907 2863 2067 
908 2858 2064 
909 2856 2060 
910 2853 2055 
911 2848 2053 
912 2846 2049 
913 2842 2049 
914 2838 2048 
915 2837 2043 
916 2832 2044 
917 2831 2039 
918 2828 2036 
919 2821 2035 
920 2817 2036 
921 2815 2031 
922 2809 2033 
923 2805 2032 
924 2804 2027 
925 2800 2026 
926 2797 2024 
927 2794 2023 
928 2792 2016 
929 2789 2017 
930 2787 2014 
931 2781 2016 
932 2776 2013 
933 2771 2010 
934 2769 2006 
935 2765 2003 
936 2761 2003 
937 2757 2002 
938 2753 2001 
939 2747 1999 
940 2743 1997 
941 2740 1992 
942 2738 1984 
943 2732 1987 
944 2731 1988 
945 2724 1992 
946 2720 1995 
947 2714 1993 
948 2709 1996 
949 2709 1994 
950 2704 1993 
951 2699 1993 
952 2697 1991 
953 2690 1988 
954 2687 1982 
955 2684 1977 
956 2679 1977 
957 2675 1976 
958 2672 1974 
959 2668 1972 
960 2666 1967 
961 2665 1962 
962 2663 1958 
963 2660 1958 
964 2655 1962 
965 2651 1962 
966 2646 1963 
967 2644 1960 
968 2640 1961 
969 2633 1965 
970 2630 1959 
971 2627 1957 
972 2622 1955 
973 2619 1951 
974 2613 1953 
975 2611 1951 
976 2609 1943 
977 2608 1943 
978 2600 1944 
979 2597 1942 
980 2594 1938 
981 2592 1936 
982 2590 1933 
983 2585 1932 
984 2581 1930 
985 2579 1925 
986 2576 1923 
987 2570 1925 
988 2567 1916 
989 2562 1919 
990 2555 1924 
991 2551 1923 
992 2549 1920 
993 2548 1915 
994 2543 1914 
995 2537 1914 
996 2535 1912 
997 2533 1908 
998 2529 1905 
999 2528 1900 
1000 2527 1894 
1001 2522 1894 
1002 2520 1889 
1003 2517 1884 
1004 2511 1885 
1005 2508 1883 
1006 2506 1880 
1007 2502 1881 
1008 2501 1878 
1009 2498 1875 
1010 2495 1872 
1011 2494 1867 
1012 2491 1864 
1013 2488 1865 
1014 2484 1864 
1015 2479 1864 
1016 2478 1857 
1017 2475 1860 
1018 2473 1858 
1019 2469 1855 
1020 2464 1856 
1021 2460 1850 
1022 2457 1850 
1023 2453 1850 
1024 2443 1853 
1025 2440 1855 
1026 2437 1854 
1027 2436 1852 
1028 2435 1845 
1029 2430 1845 
1030 2425 1846 
1031 2422 1843 
1032 2418 1840 
1033 2415 1838 
1034 2412 1838 
1035 2406 1840 
1036 2403 1836 
1037 2400 1834 
1038 2399 1831 
1039 2393 1831 
1040 2391 1830 
1041 2389 1827 
1042 2387 1822 
1043 2384 1819 
1044 2383 1815 
1045 2379 1813 
1046 2371 1815 
1047 2369 1813 
1048 2365 1809 
1049 2359 1806 
1050 2357 1803 
1051 2353 1797 
1052 2350 1794 
1053 2345 1790 
1054 2341 1789 
1055 2337 1788 
1056 2333 1787 
1057 2332 1784 
1058 2331 1780 
1059 2324 1779 
1060 2324 1776 
1061 2323 1770 
1062 2321 1769 
1063 2318 1771 
1064 2316 1767 
1065 2314 1763 
1066 2311 1760 
1067 2308 1756 
1068 2305 1755 
1069 2302 1755 
1070 2296 1759 
1071 2291 1759 
1072 2287 1760 
1073 2284 1757 
1074 2277 1758 
1075 2273 1757 
1076 2270 1753 
1077 2265 1755 
1078 2263 1750 
1079 2255 1749 
1080 2254 1747 
1081 2252 1747 
1082 2248 1748 
1083 2246 1744 
1084 2241 1747 
1085 2240 1741 
1086 2238 1740 
1087 2235 1738 
1088 2230 1735 
1089 2225 1738 
1090 2221 1733 
1091 2213 1737 
1092 2206 1737 
1093 2203 1735 
1094 2202 1731 
1095 2201 1728 
1096 2201 1727 
1097 2197 1724 
1098 2194 1724 
1099 2192 1722 
1100 2189 1720 
1101 2183 1720 
1102 2182 1716 
1103 2179 1712 
1104 2172 1713 
1105 2168 1714 
1106 2167 1709 
1107 2160 1709 
1108 2156 1705 
1109 2154 1703 
1110 2153 1702 
1111 2149 1702 
1112 2147 1700 
1113 2142 1698 
1114 2141 1694 
1115 2137 1693 
1116 2131 1694 
1117 2127 1695 
1118 2126 1690 
1119 2121 1689 
1120 2118 1687 
1121 2116 1688 
1122 2114 1686 
1123 2113 1678 
1124 2111 1673 
1125 2107 1669 
1126 2107 1662 
1127 2104 1662 
1128 2099 1658 
1129 2099 1656 
1130 2094 1656 
1131 2090 1651 
1132 2088 1650 
1133 2086 1644 
1134 2080 1645 
1135 2077 1641 
1136 2073 1643 
1137 2069 1644 
1138 2063 1643 
1139 2057 1648 
1140 2054 1647 
1141 2053 1645 
1142 2048 1647 
1143 2046 1646 
1144 2044 1642 
1145 2040 1642 
1146 2037 1641 
1147 2033 1638 
1148 2028 1639 
1149 2026 1637 
1150 2021 1634 
1151 2017 1636 
1152 2013 1636 
1153 2009 1636 
1154 2007 1636 
1155 2003 1631 
1156 2002 1629 
1157 1999 1626 
1158 1995 1623 
1159 1990 1624 
1160 1988 1622 
1161 1984 1622 
1162 1981 1624 
1163 1979 1621 
1164 1975 1621 
1165 1972 1618 
1166 1969 1617 
1167 1968 1613 
1168 1966 1612 
1169 1965 1610 
1170 1962 1605 
1171 1955 1602 
1172 1950 1600 
1173 1949 1594 
1174 1943 1593 
1175 1941 1588 
1176 1939 1587 
1177 1937 1584 
1178 1934 1582 
1179 1933 1578 
1180 1929 1580 
1181 1926 1574 
1182 1926 1571 
1183 1925 1569 
1184 1924 1568 
1185 1920 1568 
1186 1918 1566 
1187 1913 1566 
1188 1911 1567 
1189 1910 1566 
1190 1908 1565 
1191 1906 1563 
1192 1900 1565 
1193 1898 1564 
1194 1896 1560 
1195 1896 1558 
1196 1895 1556 
1197 1893 1555 
1198 1890 1553 
1199 1884 1558 
1200 1882 1554 
1201 1879 1554 
1202 1877 1553 
1203 1869 1559 
1204 1867 1556 
1205 1865 1555 
1206 1860 1554 
1207 1858 1554 
1208 1854 1554 
1209 1851 1553 
1210 1849 1552 
1211 1846 1552 
1212 1842 1555 
1213 1839 1555 
1214 1839 1553 
1215 1834 1550 
1216 1832 1547 
1217 1831 1546 
1218 1828 1545 
1219 1827 1545 
1220 1823 1543 
1221 1822 1536 
1222 1821 1527 
1223 1816 1527 
1224 1813 1524 
1225 1810 1525 
1226 1804 1526 
1227 1802 1524 
1228 1799 1523 
1229 1798 1520 
1230 1796 1517 
1231 1790 1520 
1232 1787 1521 
1233 1786 1517 
1234 1785 1515 
1235 1780 1519 
1236 1775 1521 
1237 1774 1513 
1238 1770 1514 
1239 1767 1515 
1240 1763 1516 
1241 1758 1516 
1242 1755 1514 
1243 1755 1509 
1244 1753 1508 
1245 1748 1511 
1246 1746 1508 
1247 1744 1506 
1248 1740 1506 
1249 1736 1506 
1250 1734 1501 
1251 1732 1498 
1252 1729 1495 
1253 1725 1499 
1254 1722 1501 
1255 1719 1502 
1256 1716 1503 
1257 1714 1502 
1258 1711 1496 
1259 1708 1497 
1260 1704 1495 
1261 1703 1492 
1262 1697 1494 
1263 1695 1494 
1264 1691 1494 
1265 1689 1491 
1266 1688 1490 
1267 1683 1491 
1268 1683 1486 
1269 1680 1486 
1270 1676 1482 
1271 1675 1479 
1272 1670 1479 
1273 1669 1477 
1274 1665 1474 
1275 1662 1475 
1276 1662 1472 
1277 1662 1469 
1278 1662 1462 
1279 1662 1460 
1280 1659 1462 
1281 1658 1459 
1282 1657 1457 
1283 1657 1454 
1284 1655 1450 
1285 1654 1446 
1286 1651 1445 
1287 1650 1446 
1288 1647 1443 
1289 1643 1445 
1290 1638 1447 
1291 1636 1448 
1292 1633 1444 
1293 1627 1442 
1294 1625 1442 
1295 1624 1442 
1296 1623 1439 
1297 1620 1437 
1298 1619 1433 
1299 1618 1431 
1300 1616 1431 
1301 1612 1432 
1302 1609 1434 
1303 1606 1433 
1304 1601 1435 
1305 1601 1433 
1306 1599 1428 
1307 1596 1427 
1308 1594 1421 
1309 1589 1426 
1310 1588 1426 
1311 1586 1422 
1312 1582 1423 
1313 1578 1424 
1314 1576 1422 
1315 1575 1420 
1316 1575 1414 
1317 1572 1413 
1318 1570 1410 
1319 1568 1406 
1320 1566 1405 
1321 1566 1401 
1322 1563 1400 
1323 1558 1404 
1324 1554 1407 
1325 1553 1403 
1326 1551 1398 
1327 1549 1398 
1328 1547 1399 
1329 1543 1396 
1330 1541 1394 
1331 1537 1394 
1332 1531 1396 
1333 1528 1393 
1334 1527 1391 
1335 1526 1386 
1336 1524 1385 
1337 1523 1383 
1338 1518 1386 
1339 1516 1385 
1340 1515 1383 
1341 1512 1381 
1342 1511 1379 
1343 1510 1375 
1344 1508 1372 
1345 1507 1373 
1346 1504 1372 
1347 1503 1369 
1348 1502 1366 
1349 1501 1359 
1350 1497 1360 
1351 1492 1360 
1352 1489 1361 
1353 1487 1358 
1354 1485 1355 
1355 1482 1357 
1356 1482 1352 
1357 1478 1352 
1358 1476 1350 
1359 1475 1346 
1360 1473 1338 
1361 1472 1334 
1362 1470 1334 
1363 1470 1334 
1364 1468 1335 
1365 1464 1338 
1366 1462 1338 
1367 1458 1339 
1368 1457 1339 
1369 1455 1336 
1370 1454 1335 
1371 1450 1337 
1372 1450 1332 
1373 1449 1331 
1374 1447 1329 
1375 1447 1328 
1376 1444 1326 
1377 1440 1326 
1378 1439 1324 
1379 1434 1323 
1380 1432 1319 
1381 1432 1313 
1382 1431 1312 
1383 1430 1310 
1384 1427 1310 
1385 1423 1313 
1386 1422 1306 
1387 1419 1307 
1388 1419 1305 
1389 1416 1305 
1390 1412 1307 
1391 1409 1305 
1392 1408 1303 
1393 1406 1304 
1394 1406 1300 
1395 1405 1296 
1396 1404 1293 
1397 1402 1292 
1398 1400 1285 
1399 1398 1285 
1400 1396 1285 
1401 1393 1283 
1402 1389 1284 
1403 1385 1284 
1404 1384 1280 
1405 1381 1280 
1406 1381 1277 
1407 1378 1277 
1408 1376 1276 
1409 1373 1269 
1410 1371 1267 
1411 1369 1266 
1412 1365 1269 
1413 1363 1267 
1414 1361 1266 
1415 1360 1258 
1416 1359 1258 
1417 1358 1258 
1418 1356 1257 
1419 1354 1257 
1420 1351 1255 
1421 1347 1255 
1422 1345 1254 
1423 1345 1251 
1424 1344 1248 
1425 1342 1244 
1426 1339 1245 
1427 1338 1242 
1428 1335 1242 
1429 1335 1239 
1430 1333 1238 
1431 1331 1232 
1432 1331 1228 
1433 1329 1223 
1434 1329 1221 
1435 1328 1221 
1436 1324 1225 
1437 1322 1222 
1438 1318 1223 
1439 1316 1221 
1440 1315 1220 
1441 1313 1219 
1442 1312 1218 
1443 1311 1214 
1444 1307 1215 
1445 1304 1216 
1446 1303 1214 
1447 1303 1211 
1448 1302 1210 
1449 1300 1204 
1450 1300 1198 
1451 1297 1198 
1452 1296 1196 
1453 1295 1195 
1454 1292 1194 
1455 1287 1194 
1456 1287 1192 
1457 1287 1191 
1458 1287 1189 
1459 1286 1188 
1460 1284 1188 
1461 1284 1184 
1462 1281 1182 
1463 1278 1180 
1464 1276 1181 
1465 1273 1181 
1466 1270 1181 
1467 1269 1176 
1468 1268 1171 
1469 1266 1169 
1470 1264 1168 
1471 1263 1167 
1472 1260 1167 
1473 1259 1166 
1474 1257 1167 
1475 1253 1166 
1476 1252 1159 
1477 1251 1155 
1478 1249 1154 
1479 1247 1153 
1480 1246 1151 
1481 1246 1148 
1482 1246 1145 
1483 1243 1145 
1484 1243 1142 
1485 1243 1138 
1486 1241 1138 
1487 1238 1137 
1488 1236 1136 
1489 1234 1136 
1490 1232 1135 
1491 1229 1133 
1492 1226 1134 
1493 1225 1134 
1494 1224 1133 
1495 1224 1132 
1496 1223 1130 
1497 1220 1131 
1498 1220 1127 
1499 1215 1130 
1500 1215 1126 
1501 1213 1125 
1502 1211 1126 
1503 1206 1130 
1504 1204 1131 
1505 1202 1132 
1506 1202 1127 
1507 1199 1129 
1508 1197 1127 
1509 1197 1122 
1510 1196 1119 
1511 1193 1121 
1512 1192 1117 
1513 1190 1112 
1514 1185 1116 
1515 1185 1112 
1516 1182 1110 
1517 1178 1110 
1518 1177 1108 
1519 1176 1105 
1520 1172 1109 
1521 1169 1110 
1522 1166 1108 
1523 1162 1108 
1524 1162 1107 
1525 1162 1105 
1526 1160 1104 
1527 1158 1104 
1528 1153 1107 
1529 1152 1105 
1530 1150 1106 
1531 1148 1103 
1532 1146 1104 
1533 1144 1103 
1534 1143 1101 
1535 1142 1098 
1536 1142 1097 
1537 1140 1098 
1538 1138 1098 
1539 1137 1094 
1540 1136 1091 
1541 1135 1089 
1542 1133 1088 
1543 1132 1089 
1544 1131 1087 
1545 1131 1084 
1546 1129 1085 
1547 1128 1084 
1548 1126 1082 
1549 1123 1083 
1550 1122 1078 
1551 1121 1078 
1552 1118 1081 
1553 1117 1081 
1554 1116 1080 
1555 1116 1076 
1556 1115 1072 
1557 1114 1072 
1558 1111 1072 
1559 1111 1070 
1560 1110 1069 
1561 1108 1066 
1562 1107 1063 
1563 1107 1057 
1564 1107 1057 
1565 1105 1058 
1566 1105 1054 
1567 1102 1057 
1568 1102 1050 
1569 1102 1047 
1570 1102 1043 
1571 1097 1045 
1572 1093 1046 
1573 1090 1044 
1574 1090 1042 
1575 1090 1038 
1576 1088 1037 
1577 1087 1036 
1578 1086 1034 
1579 1085 1031 
1580 1084 1032 
1581 1081 1030 
1582 1077 1030 
1583 1075 1028 
1584 1073 1027 
1585 1070 1027 
1586 1069 1024 
1587 1069 1024 
1588 1069 1020 
1589 1069 1019 
1590 1068 1014 
1591 1065 1015 
1592 1060 1016 
1593 1060 1014 
1594 1058 1009 
1595 1054 1007 
1596 1052 1007 
1597 1050 1002 
1598 1048 999 
1599 1048 996 
1600 1045 997 
1601 1044 994 
1602 1043 993 
1603 1041 992 
1604 1040 989 
1605 1040 987 
1606 1039 985 
1607 1039 981 
1608 1037 981 
1609 1036 977 
1610 1036 975 
1611 1031 977 
1612 1028 979 
1613 1027 978 
1614 1024 980 
1615 1022 980 
1616 1020 978 
1617 1017 980 
1618 1017 979 
1619 1017 977 
1620 1015 979 
1621 1015 976 
1622 1010 981 
1623 1010 976 
1624 1010 973 
1625 1009 972 
1626 1009 970 
1627 1009 969 
1628 1006 970 
1629 1002 973 
1630 1001 967 
1631 999 965 
1632 999 963 
1633 997 965 
1634 995 964 
1635 993 963 
1636 992 958 
1637 991 957 
1638 991 957 
1639 991 952 
1640 990 949 
1641 989 947 
1642 988 943 
1643 985 945 
1644 983 943 
1645 981 944 
1646 978 944 
1647 978 942 
1648 978 941 
1649 974 943 
1650 973 941 
1651 971 942 
1652 970 940 
1653 968 939 
1654 967 937 
1655 966 935 
1656 963 937 
1657 962 936 
1658 961 936 
1659 960 932 
1660 957 933 
1661 956 929 
1662 956 928 
1663 955 925 
1664 954 922 
1665 952 922 
1666 951 922 
1667 950 921 
1668 950 921 
1669 949 918 
1670 947 919 
1671 942 922 
1672 941 917 
1673 941 915 
1674 941 911 
1675 941 910 
1676 940 911 
1677 940 908 
1678 939 908 
1679 938 908 
1680 937 909 
1681 935 908 
1682 934 904 
1683 934 901 
1684 932 903 
1685 932 901 
1686 932 899 
1687 931 898 
1688 930 894 
1689 930 890 
1690 929 890 
1691 929 889 
1692 928 889 
1693 927 888 
1694 927 886 
1695 925 884 
1696 924 883 
1697 922 885 
1698 920 887 
1699 920 886 
1700 920 886 
1701 919 886 
1702 917 886 
1703 917 884 
1704 916 885 
1705 916 884 
1706 913 883 
1707 911 881 
1708 907 884 
1709 907 881 
1710 907 880 
1711 905 878 
1712 905 877 
1713 904 876 
1714 902 876 
1715 902 873 
1716 902 869 
1717 902 865 
1718 900 865 
1719 896 866 
1720 895 860 
1721 892 862 
1722 890 862 
1723 888 862 
1724 886 862 
1725 885 862 
1726 885 861 
1727 884 859 
1728 884 858 
1729 881 858 
1730 880 857 
1731 876 858 
1732 875 857 
1733 875 856 
1734 874 857 
1735 873 854 
1736 873 852 
1737 870 855 
1738 870 852 
1739 869 851 
1740 868 851 
1741 866 850 
1742 866 850 
1743 866 846 
1744 865 841 
1745 864 839 
1746 863 838 
1747 862 838 
1748 861 838 
1749 860 838 
1750 859 837 
1751 857 838 
1752 857 837 
1753 856 836 
1754 853 839 
1755 851 837 
1756 851 835 
1757 851 830 
1758 850 829 
1759 849 828 
1760 847 828 
1761 843 828 
1762 842 829 
1763 841 825 
1764 840 824 
1765 837 825 
1766 835 825 
1767 834 824 
1768 833 822 
1769 833 820 
1770 832 816 
1771 831 814 
1772 830 812 
1773 829 808 
1774 828 808 
1775 828 802 
1776 828 799 
1777 826 797 
1778 824 797 
1779 822 797 
1780 821 797 
1781 821 796 
1782 819 794 
1783 817 794 
1784 815 793 
1785 813 791 
1786 813 790 
1787 813 785 
1788 810 787 
1789 810 786 
1790 807 785 
1791 803 788 
1792 802 787 
1793 800 784 
1794 800 781 
1795 799 779 
1796 799 778 
1797 798 779 
1798 798 778 
1799 798 776 
1800 796 777 
1801 795 778 
1802 794 778 
1803 793 777 
1804 792 773 
1805 791 773 
1806 790 773 
1807 789 773 
1808 787 771 
1809 786 771 
1810 784 772 
1811 781 773 
1812 778 773 
1813 778 772 
1814 777 772 
1815 776 772 
1816 774 768 
1817 774 766 
1818 774 763 
1819 774 759 
1820 774 758 
1821 773 755 
1822 770 755 
1823 768 752 
1824 767 751 
1825 765 753 
1826 765 751 
1827 764 751 
1828 762 749 
1829 760 746 
1830 759 745 
1831 758 745 
1832 756 746 
1833 756 742 
1834 754 743 
1835 752 745 
1836 751 743 
1837 749 743 
1838 749 742 
1839 749 742 
1840 747 743 
1841 745 744 
1842 743 744 
1843 740 746 
1844 740 742 
1845 739 741 
1846 739 739 
1847 737 740 
1848 737 739 
1849 735 741 
1850 733 740 
1851 733 737 
1852 733 736 
1853 732 737 
1854 731 737 
1855 731 733 
1856 729 733 
1857 727 734 
1858 727 733 
1859 727 730 
1860 725 732 
1861 724 730 
1862 723 730 
1863 723 729 
1864 721 729 
1865 719 730 
1866 719 730 
1867 718 730 
1868 718 727 
1869 715 730 
1870 713 730 
1871 711 730 
1872 711 729 
1873 710 729 
1874 710 728 
1875 708 729 
1876 707 729 
1877 707 727 
1878 706 725 
1879 706 725 
1880 706 723 
1881 706 721 
1882 706 718 
1883 705 717 
1884 702 720 
1885 700 719 
1886 700 717 
1887 699 715 
1888 697 717 
1889 697 714 
1890 696 714 
1891 694 714 
1892 694 713 
1893 691 716 
1894 690 712 
1895 688 711 
1896 687 710 
1897 687 709 
1898 686 709 
1899 684 708 
1900 684 707 
1901 682 704 
1902 681 705 
1903 680 706 
1904 680 701 
1905 679 699 
1906 679 696 
1907 678 693 
1908 678 691 
1909 677 690 
1910 677 688 
1911 677 685 
1912 676 686 
1913 676 683 
1914 676 679 
1915 674 678 
1916 673 677 
1917 672 677 
1918 672 676 
1919 672 676 
1920 669 675 
1921 669 672 
1922 668 669 
1923 668 667 
1924 668 664 
1925 665 666 
1926 664 664 
1927 663 664 
1928 661 664 
1929 660 663 
1930 660 661 
1931 660 660 
1932 659 661 
1933 659 660 
1934 657 661 
1935 656 662 
1936 654 663 
1937 654 659 
1938 651 659 
1939 651 656 
1940 650 655 
1941 648 654 
1942 648 654 
1943 646 655 
1944 646 653 
1945 645 651 
1946 643 650 
1947 643 647 
1948 643 646 
1949 643 642 
1950 642 641 
1951 642 638 
1952 641 637 
1953 640 638 
1954 640 638 
1955 640 637 
1956 637 639 
1957 637 638 
1958 637 636 
1959 637 633 
1960 636 631 
1961 636 631 
1962 636 631 
1963 636 629 
1964 633 631 
1965 632 632 
1966 631 632 
1967 631 632 
1968 631 629 
1969 631 627 
1970 630 627 
1971 630 627 
1972 630 625 
1973 629 623 
1974 629 619 
1975 629 618 
1976 628 616 
1977 628 614 
1978 627 614 
1979 626 613 
1980 625 613 
1981 625 612 
1982 624 611 
1983 623 611 
1984 621 610 
1985 621 610 
1986 620 609 
1987 620 607 
1988 620 607 
1989 619 606 
1990 619 606 
1991 618 606 
1992 615 608 
1993 615 606 
1994 614 606 
1995 612 606 
1996 609 608 
1997 609 607 
1998 609 605 
1999 609 604 
2000 609 601 
2001 609 599 
2002 607 598 
2003 606 596 
2004 606 594 
2005 606 593 
2006 605 592 
2007 603 592 
2008 601 594 
2009 600 595 
2010 600 594 
2011 600 593 
2012 600 590 
2013 598 589 
2014 598 587 
2015 598 584 
2016 597 584 
2017 597 581 
2018 597 581 
2019 596 578 
2020 596 578 
2021 593 581 
2022 590 583 
2023 588 585 
2024 587 584 
2025 586 583 
2026 585 582 
2027 584 583 
2028 584 583 
2029 584 580 
2030 582 579 
2031 581 580 
2032 579 579 
2033 579 577 
2034 578 576 
2035 577 574 
2036 576 574 
2037 576 573 
2038 576 571 
2039 576 569 
2040 575 569 
2041 575 565 
2042 575 564 
2043 575 562 
2044 574 562 
2045 574 562 
2046 572 561 
2047 571 559 
2048 571 558 
2049 570 559 
2050 570 558 
2051 569 559 
2052 569 558 
2053 568 557 
2054 568 554 
2055 567 553 
2056 565 553 
2057 565 550 
2058 563 552 
2059 562 551 
2060 560 552 
2061 560 551 
2062 560 550 
2063 558 552 
2064 556 551 
2065 556 550 
2066 554 551 
2067 552 552 
2068 552 551 
2069 552 549 
2070 552 546 
2071 551 546 
2072 550 547 
2073 550 547 
2074 549 546 
2075 548 546 
2076 545 549 
2077 543 548 
2078 543 547 
2079 543 544 
2080 542 544 
2081 541 544 
2082 541 543 
2083 540 542 
2084 538 542 
2085 537 540 
2086 537 540 
2087 535 541 
2088 534 542 
2089 531 545 
2090 531 545 
2091 531 543 
2092 529 544 
2093 528 543 
2094 528 541 
2095 525 543 
2096 525 543 
2097 523 544 
2098 523 544 
2099 522 544 
2100 522 541 
2101 522 540 
2102 520 542 
2103 520 542 
2104 520 542 
2105 520 542 
2106 520 541 
2107 519 541 
2108 519 539 
2109 519 539 
2110 517 537 
2111 517 537 
2112 517 536 
2113 517 533 
2114 516 533 
2115 516 531 
2116 516 530 
2117 516 528 
2118 515 527 
2119 515 527 
2120 515 526 
2121 514 527 
2122 514 527 
2123 514 527 
2124 514 524 
2125 514 520 
2126 513 520 
2127 512 518 
2128 512 518 
2129 511 519 
2130 511 517 
2131 510 518 
2132 509 518 
2133 509 518 
2134 508 518 
2135 508 517 
2136 507 516 
2137 506 515 
2138 504 515 
2139 504 515 
2140 503 516 
2141 502 515 
2142 500 516 
2143 500 516 
2144 500 514 
2145 500 512 
2146 499 511 
2147 499 509 
2148 499 507 
2149 499 507 
2150 499 507 
2151 499 507 
2152 499 507 
2153 498 508 
2154 497 508 
2155 497 507 
2156 497 505 
2157 497 502 
2158 496 503 
2159 495 503 
2160 495 503 
2161 495 501 
2162 495 499 
2163 495 496 
2164 495 495 
2165 495 493 
2166 492 494 
2167 492 493 
2168 492 491 
2169 492 490 
2170 492 489 
2171 492 488 
2172 492 486 
2173 491 486 
2174 491 483 
2175 491 483 
2176 490 482 
2177 490 480 
2178 489 480 
2179 489 476 
2180 489 473 
2181 487 472 
2182 486 473 
2183 483 474 
2184 483 472 
2185 483 471 
2186 481 473 
2187 480 472 
2188 480 471 
2189 480 470 
2190 479 471 
2191 478 472 
2192 476 474 
2193 473 477 
2194 473 475 
2195 471 476 
2196 470 476 
2197 469 475 
2198 469 474 
2199 469 472 
2200 469 472 
2201 467 472 
2202 467 470 
2203 467 470 
2204 466 471 
2205 463 474 
2206 463 474 
2207 462 472 
2208 461 471 
2209 461 471 
2210 461 470 
2211 460 471 
2212 460 468 
2213 460 468 
2214 460 465 
2215 458 467 
2216 457 466 
2217 457 466 
2218 455 466 
2219 453 468 
2220 453 466 
2221 453 465 
2222 453 465 
2223 452 464 
2224 452 463 
2225 452 462 
2226 452 462 
2227 452 461 
2228 452 459 
2229 450 460 
2230 449 460 
2231 448 460 
2232 446 458 
2233 446 458 
2234 446 458 
2235 446 458 
2236 446 456 
2237 445 457 
2238 445 457 
2239 445 457 
2240 445 457 
2241 445 457 
2242 445 454 
2243 444 455 
2244 444 454 
2245 443 455 
2246 443 453 
2247 442 453 
2248 442 451 
2249 442 450 
2250 442 446 
2251 442 446 
2252 441 447 
2253 439 448 
2254 439 446 
2255 439 444 
2256 439 443 
2257 437 444 
2258 436 445 
2259 436 443 
2260 436 442 
2261 436 442 
2262 436 441 
2263 434 441 
2264 434 441 
2265 434 441 
2266 434 440 
2267 433 440 
2268 433 438 
2269 432 439 
2270 431 440 
2271 428 443 
2272 428 441 
2273 427 442 
2274 427 440 
2275 427 439 
2276 426 438 
2277 425 436 
2278 425 433 
2279 425 431 
2280 423 433 
2281 421 433 
2282 421 432 
2283 421 431 
2284 421 430 
2285 420 430 
2286 419 429 
2287 415 431 
2288 415 429 
2289 414 430 
2290 414 427 
2291 413 428 
2292 413 424 
2293 413 422 
2294 412 423 
2295 412 421 
2296 412 419 
2297 412 419 
2298 412 417 
2299 411 418 
2300 411 415 
2301 411 415 
2302 409 414 
2303 408 414 
2304 408 412 
2305 406 412 
2306 405 413 
2307 404 414 
2308 404 412 
2309 402 413 
2310 400 415 
2311 400 414 
2312 400 412 
2313 400 410 
2314 399 410 
2315 399 409 
2316 399 408 
2317 398 407 
2318 398 406 
2319 398 406 
2320 398 406 
2321 397 406 
2322 397 406 
2323 395 408 
2324 395 405 
2325 394 403 
2326 394 403 
2327 393 403 
2328 392 403 
2329 390 404 
2330 390 401 
2331 388 403 
2332 388 403 
2333 387 402 
2334 386 402 
2335 386 402 
2336 385 402 
2337 385 401 
2338 385 400 
2339 384 401 
2340 384 401 
2341 383 402 
2342 383 401 
2343 383 400 
2344 383 396 
2345 381 396 
2346 381 395 
2347 381 395 
2348 381 394 
2349 379 395 
2350 378 394 
2351 378 393 
2352 376 393 
2353 376 393 
2354 375 394 
2355 374 393 
2356 371 395 
2357 371 395 
2358 371 394 
2359 370 393 
2360 370 392 
2361 370 392 
2362 370 391 
2363 369 392 
2364 369 392 
2365 369 391 
2366 369 390 
2367 369 390 
2368 369 390 
2369 368 391 
2370 368 390 
2371 368 387 
2372 367 387 
2373 366 388 
2374 366 385 
2375 364 386 
2376 363 385 
2377 363 384 
2378 363 383 
2379 363 382 
2380 361 384 
2381 361 382 
2382 361 381 
2383 360 381 
2384 360 380 
2385 359 381 
2386 359 379 
2387 358 380 
2388 358 379 
2389 356 381 
2390 355 380 
2391 355 380 
2392 355 378 
2393 354 377 
2394 354 376 
2395 354 376 
2396 354 375 
2397 354 374 
2398 353 374 
2399 353 374 
2400 353 372 
2401 353 372 
2402 353 371 
2403 353 371 
2404 353 369 
2405 353 369 
2406 352 370 
2407 351 371 
2408 348 371 
2409 347 371 
2410 347 369 
2411 347 367 
2412 347 365 
2413 347 363 
2414 347 363 
2415 347 363 
2416 347 361 
2417 347 361 
2418 346 362 
2419 346 362 
2420 346 360 
2421 344 361 
2422 343 361 
2423 342 362 
2424 341 363 
2425 339 362 
2426 339 362 
2427 339 361 
2428 338 362 
2429 338 362 
2430 338 362 
2431 338 362 
2432 338 361 
2433 338 361 
2434 337 361 
2435 337 361 
2436 337 361 
2437 337 361 
2438 336 362 
2439 335 360 
2440 334 360 
2441 334 360 
2442 333 360 
2443 333 358 
2444 333 358 
2445 333 357 
2446 333 356 
2447 333 353 
2448 333 352 
2449 333 350 
2450 332 350 
2451 331 349 
2452 331 348 
2453 331 348 
2454 331 346 
2455 331 344 
2456 330 345 
2457 328 346 
2458 327 345 
2459 325 347 
2460 325 344 
2461 324 343 
2462 324 341 
2463 323 341 
2464 322 340 
2465 321 340 
2466 320 339 
2467 320 339 
2468 320 339 
2469 320 339 
2470 319 340 
2471 317 339 
2472 316 339 
2473 316 338 
2474 316 335 
2475 316 333 
2476 315 334 
2477 314 335 
2478 313 336 
2479 313 334 
2480 313 334 
2481 312 334 
2482 312 333 
2483 311 334 
2484 310 335 
2485 310 333 
2486 310 331 
2487 310 330 
2488 310 329 
2489 309 329 
2490 309 327 
2491 309 324 
2492 309 324 
2493 309 324 
2494 308 323 
2495 307 324 
2496 306 323 
2497 306 322 
2498 306 322 
2499 306 322 
2500 306 321 
2501 305 322 
2502 305 322 
2503 304 320 
2504 304 319 
2505 303 319 
2506 303 319 
2507 303 319 
2508 302 318 
2509 302 318 
2510 301 318 
2511 301 316 
2512 301 316 
2513 301 315 
2514 300 315 
2515 300 314 
2516 299 315 
2517 298 315 
2518 298 314 
2519 298 313 
2520 297 314 
2521 297 314 
2522 297 313 
2523 296 312 
2524 296 311 
2525 295 311 
2526 295 310 
2527 294 311 
2528 293 307 
2529 293 307 
2530 293 306 
2531 291 308 
2532 291 304 
2533 291 302 
2534 291 302 
2535 291 301 
2536 291 301 
2537 291 300 
2538 291 300 
2539 290 301 
2540 290 301 
2541 290 300 
2542 289 299 
2543 289 297 
2544 288 297 
2545 288 297 
2546 288 297 
2547 287 297 
2548 287 296 
2549 287 295 
2550 286 296 
2551 286 294 
2552 286 293 
2553 285 293 
2554 284 293 
2555 284 293 
2556 284 292 
2557 284 292 
2558 284 292 
2559 284 290 
2560 284 290 
2561 284 290 
2562 284 290 
2563 283 289 
2564 282 289 
2565 282 289 
2566 282 289 
2567 282 288 
2568 281 288 
2569 281 287 
2570 281 287 
2571 281 285 
2572 281 283 
2573 280 283 
2574 279 282 
2575 278 283 
2576 277 280 
2577 277 279 
2578 276 279 
2579 274 281 
2580 274 281 
2581 274 280 
2582 274 277 
2583 273 277 
2584 271 279 
2585 271 278 
2586 270 279 
2587 268 279 
2588 267 280 
2589 267 280 
2590 266 280 
2591 265 280 
2592 264 279 
2593 264 279 
2594 264 277 
2595 264 277 
2596 264 276 
2597 264 275 
2598 264 274 
2599 264 274 
2600 263 274 
2601 261 273 
2602 261 272 
2603 261 271 
2604 261 271 
2605 260 271 
2606 259 271 
2607 259 271 
2608 259 271 
2609 259 270 
2610 259 270 
2611 259 269 
2612 258 270 
2613 258 270 
2614 258 269 
2615 258 268 
2616 258 266 
2617 258 265 
2618 258 265 
2619 257 266 
2620 257 266 
2621 256 267 
2622 255 267 
2623 255 267 
2624 254 267 
2625 254 265 
2626 254 265 
2627 253 266 
2628 251 268 
2629 251 267 
2630 250 267 
2631 250 267 
2632 250 266 
2633 250 266 
2634 250 261 
2635 250 260 
2636 250 260 
2637 250 258 
2638 249 259 
2639 249 259 
2640 249 259 
2641 248 260 
2642 248 260 
2643 248 258 
2644 248 257 
2645 248 256 
2646 247 257 
2647 247 257 
2648 247 257 
2649 247 257 
2650 246 258 
2651 246 258 
2652 246 258 
2653 246 258 
2654 246 258 
2655 246 257 
2656 246 256 
2657 246 255 
2658 245 256 
2659 244 257 
2660 244 256 
2661 244 255 
2662 244 253 
2663 244 253 
2664 243 251 
2665 243 250 
2666 241 252 
2667 240 253 
2668 240 253 
2669 240 253 
2670 240 253 
2671 239 252 
2672 239 251 
2673 239 250 
2674 238 249 
2675 238 246 
2676 237 246 
2677 236 247 
2678 236 247 
2679 236 247 
2680 236 247 
2681 235 248 
2682 235 248 
2683 235 246 
2684 235 246 
2685 235 245 
2686 235 244 
2687 235 244 
2688 235 244 
2689 235 244 
2690 235 244 
2691 235 244 
2692 235 244 
2693 235 243 
2694 235 243 
2695 235 242 
2696 235 242 
2697 235 242 
2698 235 241 
2699 234 242 
2700 234 242 
2701 234 242 
2702 234 242 
2703 233 243 
2704 232 244 
2705 232 244 
2706 231 244 
2707 231 243 
2708 231 243 
2709 231 243 
2710 231 242 
2711 231 242 
2712 231 242 
2713 231 242 
2714 231 242 
2715 231 241 
2716 230 242 
2717 229 242 
2718 229 241 
2719 229 241 
2720 229 241 
2721 229 241 
2722 229 241 
2723 228 241 
2724 228 239 
2725 227 240 
2726 227 239 
2727 227 238 
2728 227 238 
2729 227 237 
2730 227 237 
2731 227 236 
2732 227 234 
2733 227 234 
2734 227 233 
2735 227 233 
2736 227 233 
2737 227 233 
2738 227 233 
2739 226 234 
2740 225 235 
2741 225 234 
2742 224 235 
2743 223 236 
2744 223 236 
2745 222 236 
2746 222 234 
2747 222 233 
2748 222 233 
2749 222 233 
2750 221 233 
2751 221 233 
2752 220 233 
2753 220 233 
2754 220 231 
2755 220 231 
2756 220 231 
2757 220 230 
2758 220 229 
2759 220 228 
2760 219 227 
2761 219 225 
2762 219 224 
2763 219 224 
2764 219 224 
2765 219 224 
2766 219 224 
2767 219 224 
2768 218 225 
2769 218 223 
2770 218 223 
2771 217 223 
2772 217 222 
2773 217 221 
2774 217 221 
2775 217 221 
2776 215 220 
2777 215 219 
2778 215 219 
2779 215 218 
2780 215 217 
2781 215 217 
2782 215 216 
2783 214 217 
2784 214 215 
2785 214 214 
2786 213 214 
2787 213 213 
2788 211 215 
2789 211 215 
2790 211 214 
2791 211 213 
2792 211 213 
2793 211 211 
2794 211 211 
2795 211 211 
2796 209 213 
2797 209 211 
2798 208 212 
2799 208 212 
2800 208 212 
2801 207 211 
2802 206 212 
2803 206 211 
2804 206 210 
2805 206 210 
2806 205 210 
2807 205 209 
2808 204 210 
2809 204 210 
2810 204 210 
2811 204 210 
2812 204 210 
2813 204 210 
2814 204 210 
2815 204 208 
2816 202 207 
2817 202 207 
2818 202 205 
2819 200 207 
2820 200 207 
2821 199 208 
2822 199 208 
2823 198 208 
2824 198 208 
2825 198 207 
2826 198 207 
2827 198 207 
2828 198 206 
2829 198 205 
2830 198 204 
2831 198 203 
2832 198 203 
2833 198 203 
2834 198 203 
2835 198 203 
2836 196 204 
2837 195 205 
2838 195 205 
2839 195 205 
2840 195 204 
2841 195 203 
2842 194 203 
2843 194 203 
2844 194 203 
2845 194 203 
2846 192 205 
2847 191 206 
2848 191 206 
2849 191 206 
2850 191 206 
2851 189 208 
2852 189 208 
2853 189 208 
2854 189 207 
2855 189 207 
2856 189 207 
2857 189 206 
2858 189 205 
2859 189 204 
2860 189 204 
2861 189 204 
2862 189 204 
2863 188 205 
2864 187 205 
2865 187 204 
2866 187 203 
2867 187 203 
2868 187 202 
2869 185 203 
2870 185 203 
2871 185 203 
2872 185 203 
2873 185 203 
2874 183 204 
2875 183 203 
2876 182 204 
2877 181 203 
2878 179 205 
2879 179 204 
2880 179 202 
2881 178 202 
2882 178 202 
2883 178 202 
2884 178 202 
2885 178 202 
2886 178 202 
2887 177 203 
2888 177 203 
2889 177 203 
2890 177 202 
2891 177 202 
2892 177 201 
2893 177 201 
2894 177 201 
2895 177 200 
2896 176 201 
2897 176 201 
2898 176 201 
2899 176 200 
2900 175 201 
2901 174 202 
2902 173 203 
2903 172 203 
2904 171 201 
2905 171 200 
2906 171 200 
2907 171 198 
2908 171 197 
2909 170 197 
2910 170 196 
2911 170 194 
2912 168 196 
2913 168 195 
2914 168 195 
2915 168 194 
2916 168 193 
2917 168 190 
2918 168 190 
2919 167 190 
2920 166 190 
2921 166 190 
2922 166 190 
2923 166 190 
2924 166 190 
2925 166 190 
2926 166 186 
2927 166 185 
2928 166 185 
2929 165 186 
2930 165 186 
2931 164 187 
2932 164 187 
2933 164 187 
2934 163 188 
2935 163 188 
2936 163 187 
2937 163 186 
2938 163 186 
2939 163 186 
2940 163 186 
2941 163 186 
2942 163 186 
2943 163 186 
2944 163 185 
2945 163 184 
2946 163 183 
2947 163 181 
2948 163 181 
2949 163 181 
2950 163 180 
2951 163 177 
2952 163 177 
2953 162 178 
2954 162 176 
2955 162 176 
2956 161 177 
2957 161 177 
2958 160 177 
2959 160 177 
2960 160 175 
2961 160 174 
2962 160 172 
2963 160 171 
2964 160 171 
2965 160 171 
2966 160 171 
2967 160 171 
2968 160 171 
2969 159 172 
2970 159 169 
2971 158 170 
2972 158 169 
2973 157 169 
2974 157 169 
2975 157 168 
2976 157 168 
2977 157 168 
2978 156 169 
2979 156 167 
2980 156 167 
2981 154 169 
2982 154 168 
2983 154 168 
2984 154 168 
2985 154 168 
2986 154 168 
2987 153 168 
2988 153 167 
2989 153 167 
2990 153 167 
2991 152 166 
2992 151 166 
2993 149 168 
2994 149 168 
2995 149 166 
2996 149 164 
2997 149 164 
2998 149 164 
2999 149 164 
3000 149 164 
3001 149 163 
3002 149 163 
3003 149 162 
3004 149 160 
3005 149 160 
3006 148 160 
3007 148 160 
3008 148 160 
3009 148 160 
3010 147 161 
3011 147 158 
3012 147 157 
3013 147 156 
3014 147 156 
3015 147 156 
3016 147 155 
3017 146 156 
3018 146 155 
3019 146 154 
3020 146 154 
3021 146 154 
3022 146 154 
3023 146 153 
3024 146 151 
3025 146 150 
3026 145 151 
3027 145 150 
3028 144 150 
3029 144 150 
3030 142 151 
3031 142 151 
3032 142 150 
3033 141 150 
3034 141 150 
3035 141 150 
3036 141 149 
3037 140 150 
3038 140 150 
3039 140 150 
3040 140 149 
3041 139 150 
3042 139 150 
3043 136 153 
3044 136 153 
3045 136 153 
3046 136 153 
3047 136 153 
3048 136 153 
3049 136 153 
3050 135 154 
3051 135 153 
3052 135 153 
3053 135 153 
3054 135 153 
3055 135 153 
3056 135 153 
3057 135 153 
3058 135 153 
3059 134 153 
3060 134 153 
3061 134 150 
3062 134 150 
3063 134 150 
3064 134 150 
3065 134 150 
3066 134 149 
3067 132 151 
3068 132 151 
3069 131 151 
3070 131 149 
3071 131 149 
3072 131 149 
3073 131 149 
3074 131 149 
3075 131 149 
3076 131 149 
3077 131 149 
3078 131 148 
3079 131 148 
3080 130 149 
3081 130 149 
3082 130 148 
3083 130 145 
3084 130 145 
3085 130 145 
3086 130 145 
3087 130 145 
3088 130 145 
3089 130 145 
3090 130 144 
3091 130 144 
3092 130 144 
3093 128 146 
3094 127 147 
3095 127 147 
3096 127 146 
3097 127 146 
3098 127 146 
3099 127 146 
3100 127 145 
3101 127 145 
3102 127 145 
3103 127 145 
3104 126 146 
3105 126 146 
3106 125 144 
3107 124 144 
3108 124 144 
3109 124 144 
3110 124 144 
3111 124 144 
3112 124 144 
3113 124 144 
3114 124 143 
3115 124 143 
3116 124 143 
3117 124 143 
3118 124 141 
3119 124 141 
3120 124 141 
3121 124 141 
3122 124 140 
3123 123 137 
3124 123 136 
3125 123 136 
3126 123 136 
3127 123 136 
3128 123 136 
3129 123 135 
3130 123 134 
3131 123 134 
3132 123 134 
3133 123 133 
3134 123 132 
3135 123 132 
3136 123 132 
3137 123 132 
3138 123 132 
3139 123 132 
3140 123 132 
3141 123 131 
3142 123 131 
3143 122 132 
3144 122 131 
3145 122 131 
3146 122 131 
3147 122 131 
3148 121 132 
3149 121 132 
3150 121 132 
3151 121 131 
3152 121 131 
3153 120 132 
3154 120 132 
3155 119 132 
3156 119 132 
3157 119 131 
3158 119 131 
3159 118 132 
3160 118 132 
3161 118 132 
3162 118 130 
3163 118 130 
3164 117 130 
3165 117 129 
3166 117 129 
3167 117 128 
3168 116 128 
3169 114 129 
3170 114 128 
3171 114 126 
3172 114 126 
3173 113 126 
3174 113 126 
3175 113 126 
3176 113 126 
3177 113 125 
3178 113 124 
3179 113 123 
3180 113 122 
3181 113 122 
3182 113 122 
3183 113 122 
3184 113 122 
3185 113 122 
3186 113 121 
3187 113 120 
3188 113 120 
3189 113 120 
3190 113 119 
3191 112 120 
3192 112 120 
3193 111 121 
3194 111 120 
3195 111 120 
3196 111 118 
3197 110 119 
3198 110 119 
3199 110 119 
3200 110 119 
3201 110 119 
3202 110 118 
3203 110 116 
3204 110 116 
3205 110 115 
3206 109 116 
3207 109 116 
3208 109 116 
3209 109 116 
3210 109 115 
3211 109 115 
3212 109 115 
3213 109 115 
3214 108 116 
3215 108 115 
3216 108 115 
3217 108 113 
3218 108 113 
3219 108 113 
3220 108 113 
3221 108 112 
3222 108 112 
3223 108 112 
3224 107 113 
3225 107 113 
3226 107 113 
3227 107 113 
3228 107 113 
3229 107 112 
3230 107 112 
3231 107 112 
3232 107 112 
3233 107 112 
3234 107 111 
3235 106 112 
3236 106 112 
3237 105 113 
3238 105 111 
3239 105 111 
3240 105 111 
3241 105 110 
3242 105 108 
3243 104 109 
3244 104 108 
3245 104 107 
3246 104 106 
3247 104 105 
3248 104 105 
3249 104 105 
3250 104 105 
3251 104 105 
3252 104 105 
3253 104 105 
3254 104 105 
3255 104 105 
3256 104 105 
3257 104 105 
3258 104 105 
3259 104 105 
3260 104 105 
3261 104 105 
3262 104 105 
3263 104 104 
3264 104 104 
3265 104 104 
3266 104 104 
3267 104 104 
3268 104 104 
3269 104 104 
3270 104 104 
3271 104 103 
3272 104 103 
3273 103 103 
3274 103 103 
3275 103 103 
3276 103 103 
3277 103 102 
3278 103 102 
3279 103 102 
3280 103 102 
3281 103 102 
3282 103 102 
3283 103 102 
3284 103 102 
3285 103 102 
3286 103 102 
3287 103 102 
3288 103 102 
3289 103 101 
3290 103 101 
3291 103 101 
3292 103 101 
3293 103 101 
3294 103 101 
3295 103 101 
3296 103 101 
3297 103 100 
3298 103 100 
3299 103 100 
3300 101 101 
3301 100 102 
3302 100 102 
3303 100 102 
3304 100 102 
3305 100 102 
3306 100 102 
3307 100 102 
3308 100 102 
3309 100 102 
3310 100 102 
3311 99 103 
3312 99 103 
3313 98 104 
3314 98 104 
3315 97 105 
3316 96 106 
3317 96 106 
3318 96 106 
3319 96 106 
3320 96 105 
3321 96 105 
3322 96 105 
3323 96 104 
3324 95 105 
3325 95 105 
3326 95 105 
3327 95 105 
3328 95 105 
3329 95 104 
3330 95 104 
3331 94 105 
3332 94 105 
3333 94 104 
3334 94 104 
3335 94 104 
3336 94 102 
3337 94 102 
3338 94 102 
3339 94 102 
3340 94 102 
3341 94 100 
3342 94 100 
3343 94 100 
3344 94 98 
3345 93 98 
3346 93 98 
3347 93 98 
3348 93 98 
3349 93 96 
3350 92 96 
3351 92 96 
3352 91 96 
3353 90 96 
3354 89 97 
3355 89 97 
3356 89 95 
3357 89 95 
3358 89 95 
3359 89 95 
3360 89 95 
3361 89 95 
3362 88 96 
3363 88 96 
3364 88 96 
3365 87 97 
3366 87 97 
3367 87 97 
3368 87 97 
3369 87 97 
3370 87 97 
3371 87 97 
3372 86 98 
3373 86 98 
3374 86 98 
3375 85 99 
3376 85 98 
3377 85 98 
3378 84 99 
3379 83 99 
3380 83 98 
3381 83 97 
3382 82 97 
3383 82 97 
3384 82 97 
3385 82 97 
3386 82 97 
3387 82 97 
3388 81 98 
3389 81 98 
3390 81 97 
3391 81 95 
3392 81 95 
3393 81 95 
3394 81 95 
3395 81 95 
3396 81 95 
3397 81 95 
3398 81 95 
3399 81 94 
3400 81 93 
3401 81 92 
3402 81 91 
3403 80 92 
3404 80 91 
3405 80 91 
3406 80 91 
3407 80 91 
3408 80 91 
3409 80 91 
3410 80 91 
3411 80 91 
3412 80 91 
3413 80 91 
3414 80 91 
3415 80 91 
3416 80 90 
3417 80 90 
3418 80 89 
3419 80 89 
3420 80 88 
3421 80 88 
3422 80 88 
3423 80 88 
3424 80 88 
3425 80 88 
3426 80 88 
3427 80 87 
3428 80 87 
3429 80 85 
3430 80 85 
3431 80 84 
3432 80 84 
3433 80 84 
3434 79 84 
3435 79 84 
3436 79 84 
3437 79 82 
3438 79 82 
3439 79 81 
3440 79 81 
3441 79 80 
3442 79 80 
3443 79 80 
3444 78 81 
3445 78 81 
3446 78 81 
3447 78 80 
3448 78 80 
3449 78 79 
3450 78 79 
3451 78 79 
3452 78 79 
3453 78 79 
3454 78 79 
3455 78 79 
3456 78 79 
3457 78 78 
3458 78 78 
3459 78 77 
3460 78 77 
3461 77 78 
3462 77 78 
3463 77 78 
3464 76 78 
3465 76 78 
3466 76 78 
3467 76 78 
3468 76 78 
3469 76 78 
3470 76 78 
3471 76 77 
3472 76 77 
3473 76 77 
3474 76 77 
3475 76 77 
3476 76 77 
3477 76 77 
3478 76 76 
3479 76 75 
3480 76 75 
3481 76 75 
3482 75 75 
3483 75 74 
3484 75 74 
3485 75 74 
3486 75 74 
3487 75 74 
3488 75 74 
3489 75 74 
3490 73 76 
3491 73 76 
3492 73 76 
3493 73 76 
3494 73 76 
3495 73 76 
3496 73 76 
3497 73 76 
3498 73 76 
3499 73 76 
3500 73 76 
3501 73 75 
3502 73 75 
3503 73 75 
3504 73 75 
3505 73 75 
3506 73 75 
3507 73 75 
3508 73 74 
3509 72 75 
3510 72 75 
3511 72 75 
3512 72 74 
3513 72 74 
3514 72 74 
3515 72 73 
3516 72 73 
3517 72 72 
3518 72 72 
3519 72 72 
3520 72 72 
3521 72 72 
3522 72 72 
3523 72 72 
3524 72 72 
3525 71 73 
3526 71 73 
3527 71 73 
3528 71 72 
3529 71 72 
3530 71 72 
3531 71 71 
3532 71 71 
3533 71 71 
3534 71 71 
3535 71 71 
3536 71 71 
3537 71 71 
3538 71 70 
3539 71 70 
3540 71 69 
3541 71 69 
3542 71 68 
3543 71 68 
3544 71 68 
3545 71 68 
3546 71 68 
3547 71 68 
3548 71 67 
3549 71 67 
3550 70 68 
3551 70 68 
3552 70 68 
3553 70 68 
3554 70 68 
3555 70 68 
3556 70 68 
3557 70 67 
3558 70 67 
3559 70 67 
3560 70 67 
3561 70 67 
3562 70 67 
3563 70 67 
3564 70 66 
3565 70 66 
3566 70 66 
3567 70 66 
3568 70 65 
3569 70 65 
3570 70 65 
3571 70 65 
3572 70 65 
3573 70 65 
3574 70 65 
3575 70 65 
3576 70 65 
3577 70 65 
3578 70 65 
3579 70 65 
3580 70 65 
3581 70 65 
3582 70 65 
3583 70 65 
3584 70 64 
3585 70 63 
3586 70 63 
3587 70 63 
3588 69 64 
3589 69 64 
3590 69 63 
3591 69 63 
3592 69 63 
3593 69 63 
3594 69 62 
3595 69 62 
3596 68 62 
3597 68 62 
3598 67 63 
3599 67 63 
3600 67 63 
3601 67 63 
3602 67 63 
