1 0.100000 
2 0.100000 
3 0.100000 
4 0.100000 
5 0.100000 
6 0.100000 
7 0.100000 
8 0.100000 
9 0.100000 
10 0.100000 
11 0.100000 
12 0.100000 
13 0.100000 
14 0.100000 
15 0.100000 
16 0.100000 
17 0.100000 
18 0.100000 
19 0.100000 
20 0.100000 
21 0.100000 
22 0.100000 
23 0.100000 
24 0.200000 
25 0.200000 
26 0.200000 
27 0.200000 
28 0.200000 
29 0.200000 
30 0.200000 
31 0.200000 
32 0.200000 
33 0.300000 
34 0.300000 
35 0.300000 
36 0.300000 
37 0.300000 
38 0.300000 
39 0.300000 
40 0.300000 
41 0.400000 
42 0.400000 
43 0.500000 
44 0.600000 
45 0.600000 
46 0.600000 
47 0.600000 
48 0.600000 
49 0.600000 
50 0.600000 
51 0.600000 
52 0.600000 
53 0.600000 
54 0.600000 
55 0.600000 
56 0.600000 
57 0.600000 
58 0.600000 
59 0.700000 
60 0.800000 
61 0.800000 
62 0.800000 
63 0.800000 
64 0.800000 
65 0.800000 
66 0.800000 
67 0.800000 
68 0.900000 
69 1.000000 
70 1.100000 
71 1.100000 
72 1.100000 
73 1.100000 
74 1.100000 
75 1.200000 
76 1.200000 
77 1.200000 
78 1.300000 
79 1.300000 
80 1.300000 
81 1.300000 
82 1.300000 
83 1.300000 
84 1.300000 
85 1.300000 
86 1.300000 
87 1.300000 
88 1.300000 
89 1.300000 
90 1.300000 
91 1.400000 
92 1.500000 
93 1.500000 
94 1.700000 
95 1.700000 
96 1.700000 
97 1.700000 
98 1.800000 
99 1.900000 
100 2.000000 
101 2.100000 
102 2.100000 
103 2.100000 
104 2.100000 
105 2.100000 
106 2.100000 
107 2.300000 
108 2.300000 
109 2.300000 
110 2.500000 
111 2.600000 
112 2.700000 
113 2.700000 
114 2.800000 
115 2.900000 
116 3.000000 
117 3.100000 
118 3.200000 
119 3.300000 
120 3.300000 
121 3.300000 
122 3.300000 
123 3.500000 
124 3.600000 
125 3.700000 
126 3.900000 
127 4.000000 
128 4.000000 
129 4.200000 
130 4.200000 
131 4.300000 
132 4.400000 
133 4.400000 
134 4.500000 
135 4.500000 
136 4.600000 
137 4.600000 
138 4.600000 
139 4.600000 
140 4.600000 
141 4.600000 
142 4.600000 
143 4.600000 
144 4.800000 
145 4.800000 
146 4.900000 
147 4.900000 
148 5.000000 
149 5.100000 
150 5.100000 
151 5.200000 
152 5.300000 
153 5.400000 
154 5.400000 
155 5.400000 
156 5.400000 
157 5.400000 
158 5.600000 
159 5.600000 
160 5.600000 
161 5.600000 
162 5.600000 
163 5.800000 
164 5.800000 
165 5.800000 
166 5.800000 
167 5.900000 
168 5.900000 
169 6.000000 
170 6.100000 
171 6.100000 
172 6.100000 
173 6.100000 
174 6.100000 
175 6.100000 
176 6.100000 
177 6.100000 
178 6.100000 
179 6.300000 
180 6.300000 
181 6.300000 
182 6.500000 
183 6.500000 
184 6.500000 
185 6.600000 
186 6.600000 
187 6.600000 
188 6.600000 
189 6.800000 
190 7.000000 
191 7.000000 
192 7.100000 
193 7.100000 
194 7.200000 
195 7.300000 
196 7.300000 
197 7.300000 
198 7.300000 
199 7.300000 
200 7.400000 
201 7.400000 
202 7.400000 
203 7.500000 
204 7.500000 
205 7.600000 
206 7.600000 
207 7.600000 
208 7.600000 
209 7.600000 
210 7.600000 
211 7.700000 
212 7.800000 
213 7.900000 
214 8.100000 
215 8.100000 
216 8.100000 
217 8.200000 
218 8.200000 
219 8.300000 
220 8.300000 
221 8.500000 
222 8.500000 
223 8.600000 
224 8.600000 
225 8.600000 
226 8.700000 
227 8.800000 
228 8.900000 
229 8.900000 
230 8.900000 
231 9.000000 
232 9.000000 
233 9.100000 
234 9.100000 
235 9.100000 
236 9.100000 
237 9.100000 
238 9.300000 
239 9.300000 
240 9.300000 
241 9.300000 
242 9.300000 
243 9.300000 
244 9.300000 
245 9.600000 
246 9.600000 
247 9.800000 
248 9.900000 
249 9.900000 
250 9.900000 
251 10.000000 
252 10.100000 
253 10.100000 
254 10.100000 
255 10.200000 
256 10.200000 
257 10.300000 
258 10.300000 
259 10.500000 
260 10.500000 
261 10.500000 
262 10.800000 
263 10.900000 
264 10.900000 
265 11.100000 
266 11.100000 
267 11.100000 
268 11.100000 
269 11.100000 
270 11.200000 
271 11.300000 
272 11.300000 
273 11.400000 
274 11.400000 
275 11.400000 
276 11.400000 
277 11.500000 
278 11.700000 
279 11.700000 
280 11.700000 
281 11.900000 
282 12.100000 
283 12.200000 
284 12.200000 
285 12.200000 
286 12.300000 
287 12.400000 
288 12.400000 
289 12.600000 
290 12.700000 
291 12.700000 
292 12.900000 
293 13.000000 
294 13.000000 
295 13.000000 
296 13.200000 
297 13.200000 
298 13.400000 
299 13.600000 
300 13.800000 
301 13.900000 
302 14.100000 
303 14.100000 
304 14.300000 
305 14.400000 
306 14.500000 
307 14.600000 
308 14.700000 
309 14.700000 
310 14.800000 
311 14.900000 
312 14.900000 
313 14.900000 
314 15.000000 
315 15.300000 
316 15.400000 
317 15.400000 
318 15.400000 
319 15.400000 
320 15.400000 
321 15.400000 
322 15.500000 
323 15.700000 
324 15.900000 
325 15.900000 
326 16.100000 
327 16.100000 
328 16.300000 
329 16.500000 
330 16.700000 
331 16.900000 
332 17.100000 
333 17.200000 
334 17.400000 
335 17.500000 
336 17.600000 
337 17.800000 
338 18.100000 
339 18.300000 
340 18.500000 
341 18.500000 
342 18.700000 
343 18.900000 
344 19.000000 
345 19.300000 
346 19.300000 
347 19.300000 
348 19.300000 
349 19.500000 
350 19.800000 
351 20.200000 
352 20.400000 
353 20.500000 
354 20.600000 
355 20.600000 
356 20.600000 
357 20.700000 
358 20.800000 
359 20.800000 
360 20.900000 
361 21.000000 
362 21.000000 
363 21.000000 
364 21.100000 
365 21.300000 
366 21.400000 
367 21.500000 
368 21.600000 
369 21.700000 
370 21.700000 
371 21.900000 
372 21.900000 
373 22.000000 
374 22.100000 
375 22.300000 
376 22.500000 
377 22.600000 
378 23.000000 
379 23.200000 
380 23.500000 
381 23.700000 
382 23.700000 
383 23.800000 
384 24.200000 
385 24.200000 
386 24.400000 
387 24.600000 
388 24.600000 
389 24.700000 
390 24.800000 
391 24.800000 
392 24.800000 
393 25.200000 
394 25.400000 
395 25.500000 
396 25.600000 
397 25.600000 
398 25.600000 
399 25.600000 
400 25.700000 
401 25.800000 
402 26.000000 
403 26.000000 
404 26.000000 
405 26.200000 
406 26.500000 
407 26.600000 
408 26.700000 
409 26.800000 
410 26.900000 
411 26.900000 
412 26.900000 
413 26.900000 
414 27.000000 
415 27.200000 
416 27.400000 
417 27.500000 
418 27.500000 
419 27.600000 
420 27.600000 
421 27.600000 
422 27.600000 
423 27.600000 
424 27.700000 
425 28.100000 
426 28.300000 
427 28.500000 
428 28.800000 
429 28.800000 
430 29.400000 
431 29.700000 
432 29.900000 
433 30.200000 
434 30.500000 
435 30.700000 
436 30.900000 
437 31.200000 
438 31.200000 
439 31.500000 
440 32.000000 
441 32.000000 
442 32.000000 
443 32.300000 
444 32.500000 
445 32.800000 
446 33.000000 
447 33.400000 
448 33.500000 
449 33.800000 
450 33.800000 
451 34.000000 
452 34.100000 
453 34.300000 
454 34.400000 
455 34.500000 
456 34.600000 
457 34.800000 
458 35.100000 
459 35.400000 
460 35.500000 
461 35.600000 
462 36.000000 
463 36.000000 
464 36.000000 
465 36.100000 
466 36.300000 
467 36.300000 
468 36.300000 
469 36.600000 
470 37.000000 
471 37.100000 
472 37.100000 
473 37.100000 
474 37.300000 
475 37.300000 
476 37.300000 
477 37.300000 
478 37.300000 
479 37.700000 
480 37.900000 
481 38.000000 
482 38.200000 
483 38.700000 
484 38.900000 
485 39.100000 
486 39.400000 
487 39.600000 
488 39.900000 
489 40.100000 
490 40.300000 
491 40.400000 
492 40.800000 
493 40.900000 
494 41.000000 
495 41.000000 
496 41.200000 
497 41.200000 
498 41.300000 
499 41.500000 
500 41.500000 
501 41.800000 
502 41.900000 
503 42.000000 
504 42.100000 
505 42.300000 
506 42.400000 
507 42.400000 
508 42.500000 
509 42.600000 
510 42.700000 
511 42.800000 
512 43.000000 
513 43.500000 
514 43.600000 
515 44.000000 
516 44.000000 
517 44.100000 
518 44.500000 
519 44.500000 
520 44.600000 
521 44.700000 
522 44.800000 
523 44.800000 
524 44.900000 
525 45.000000 
526 45.000000 
527 45.100000 
528 45.100000 
529 45.100000 
530 45.100000 
531 45.100000 
532 45.200000 
533 45.500000 
534 45.500000 
535 45.600000 
536 45.700000 
537 45.700000 
538 45.700000 
539 45.800000 
540 45.900000 
541 46.000000 
542 46.100000 
543 46.300000 
544 46.300000 
545 46.300000 
546 46.500000 
547 46.800000 
548 46.800000 
549 46.800000 
550 46.900000 
551 46.900000 
552 47.000000 
553 47.000000 
554 47.100000 
555 47.400000 
556 47.500000 
557 47.700000 
558 47.800000 
559 47.800000 
560 48.300000 
561 48.400000 
562 48.400000 
563 48.500000 
564 48.700000 
565 48.800000 
566 49.000000 
567 49.300000 
568 49.300000 
569 49.300000 
570 49.500000 
571 49.600000 
572 49.700000 
573 49.900000 
574 49.900000 
575 49.900000 
576 50.000000 
577 50.000000 
578 50.100000 
579 50.200000 
580 50.500000 
581 50.600000 
582 50.600000 
583 50.900000 
584 50.900000 
585 50.900000 
586 51.400000 
587 51.400000 
588 51.600000 
589 51.700000 
590 51.900000 
591 52.000000 
592 52.000000 
593 52.000000 
594 52.100000 
595 52.200000 
596 52.200000 
597 52.300000 
598 52.500000 
599 52.700000 
600 52.900000 
601 53.000000 
602 53.100000 
603 53.200000 
604 53.200000 
605 53.200000 
606 53.400000 
607 53.400000 
608 53.400000 
609 53.600000 
610 53.900000 
611 54.200000 
612 54.200000 
613 54.200000 
614 54.200000 
615 54.400000 
616 54.500000 
617 54.600000 
618 54.700000 
619 54.700000 
620 54.800000 
621 55.100000 
622 55.200000 
623 55.500000 
624 55.500000 
625 55.600000 
626 55.700000 
627 55.800000 
628 55.900000 
629 56.100000 
630 56.100000 
631 56.200000 
632 56.400000 
633 56.500000 
634 56.800000 
635 56.900000 
636 57.100000 
637 57.100000 
638 57.200000 
639 57.200000 
640 57.400000 
641 57.400000 
642 57.500000 
643 57.500000 
644 57.800000 
645 58.000000 
646 58.200000 
647 58.300000 
648 58.500000 
649 58.500000 
650 58.700000 
651 58.700000 
652 58.700000 
653 58.800000 
654 59.000000 
655 59.000000 
656 59.100000 
657 59.100000 
658 59.300000 
659 59.500000 
660 59.500000 
661 59.700000 
662 59.800000 
663 59.800000 
664 59.900000 
665 60.100000 
666 60.200000 
667 60.300000 
668 60.500000 
669 60.500000 
670 60.500000 
671 60.600000 
672 60.700000 
673 60.700000 
674 60.700000 
675 60.700000 
676 60.800000 
677 60.800000 
678 60.800000 
679 60.900000 
680 60.900000 
681 60.900000 
682 60.900000 
683 60.900000 
684 60.900000 
685 61.000000 
686 61.100000 
687 61.100000 
688 61.300000 
689 61.500000 
690 61.700000 
691 61.900000 
692 61.900000 
693 61.900000 
694 62.100000 
695 62.100000 
696 62.300000 
697 62.400000 
698 62.500000 
699 62.600000 
700 62.600000 
701 62.800000 
702 62.900000 
703 62.900000 
704 62.900000 
705 62.900000 
706 63.000000 
707 63.100000 
708 63.100000 
709 63.100000 
710 63.100000 
711 63.300000 
712 63.300000 
713 63.400000 
714 63.400000 
715 63.500000 
716 63.600000 
717 63.600000 
718 63.800000 
719 63.900000 
720 64.000000 
721 64.300000 
722 64.500000 
723 64.500000 
724 64.600000 
725 64.700000 
726 64.900000 
727 65.000000 
728 65.200000 
729 65.300000 
730 65.400000 
731 65.400000 
732 65.400000 
733 65.700000 
734 65.700000 
735 66.100000 
736 66.100000 
737 66.400000 
738 66.400000 
739 66.400000 
740 66.600000 
741 66.800000 
742 66.800000 
743 66.900000 
744 67.100000 
745 67.100000 
746 67.100000 
747 67.200000 
748 67.400000 
749 67.700000 
750 67.800000 
751 68.100000 
752 68.200000 
753 68.300000 
754 68.300000 
755 68.400000 
756 68.600000 
757 68.600000 
758 68.600000 
759 68.700000 
760 68.700000 
761 68.900000 
762 68.900000 
763 68.900000 
764 69.000000 
765 69.300000 
766 69.400000 
767 69.600000 
768 69.700000 
769 69.800000 
770 69.900000 
771 69.900000 
772 69.900000 
773 69.900000 
774 69.900000 
775 70.000000 
776 70.000000 
777 70.000000 
778 70.200000 
779 70.200000 
780 70.200000 
781 70.500000 
782 70.600000 
783 70.700000 
784 70.800000 
785 70.800000 
786 70.800000 
787 71.000000 
788 71.100000 
789 71.200000 
790 71.300000 
791 71.300000 
792 71.400000 
793 71.700000 
794 71.800000 
795 71.800000 
796 72.000000 
797 72.100000 
798 72.200000 
799 72.200000 
800 72.200000 
801 72.200000 
802 72.300000 
803 72.600000 
804 72.700000 
805 72.700000 
806 72.800000 
807 72.900000 
808 73.200000 
809 73.200000 
810 73.500000 
811 73.700000 
812 73.700000 
813 73.800000 
814 73.800000 
815 73.800000 
816 73.900000 
817 74.000000 
818 74.100000 
819 74.300000 
820 74.700000 
821 74.800000 
822 75.100000 
823 75.100000 
824 75.100000 
825 75.100000 
826 75.200000 
827 75.500000 
828 75.500000 
829 75.500000 
830 75.800000 
831 75.800000 
832 76.000000 
833 76.200000 
834 76.200000 
835 76.300000 
836 76.500000 
837 76.500000 
838 77.100000 
839 77.200000 
840 77.300000 
841 77.500000 
842 77.700000 
843 78.100000 
844 78.200000 
845 78.300000 
846 78.500000 
847 78.500000 
848 78.700000 
849 78.800000 
850 79.100000 
851 79.300000 
852 79.700000 
853 79.700000 
854 79.700000 
855 79.800000 
856 80.200000 
857 80.200000 
858 80.300000 
859 80.300000 
860 80.400000 
861 80.400000 
862 80.400000 
863 80.900000 
864 80.900000 
865 80.900000 
866 80.900000 
867 81.000000 
868 81.000000 
869 81.200000 
870 81.500000 
871 81.500000 
872 81.700000 
873 81.700000 
874 81.700000 
875 81.800000 
876 82.100000 
877 82.200000 
878 82.200000 
879 82.300000 
880 82.400000 
881 82.700000 
882 83.200000 
883 83.500000 
884 83.600000 
885 83.800000 
886 83.800000 
887 83.800000 
888 84.100000 
889 84.200000 
890 84.400000 
891 84.500000 
892 84.600000 
893 84.600000 
894 84.600000 
895 84.700000 
896 84.700000 
897 84.800000 
898 84.800000 
899 84.800000 
900 84.800000 
901 85.100000 
902 85.100000 
903 85.200000 
904 85.400000 
905 85.500000 
906 85.600000 
907 85.700000 
908 85.800000 
909 85.900000 
910 86.100000 
911 86.200000 
912 86.500000 
913 86.500000 
914 86.600000 
915 86.800000 
916 86.800000 
917 86.900000 
918 87.000000 
919 87.000000 
920 87.100000 
921 87.300000 
922 87.400000 
923 87.400000 
924 87.400000 
925 87.500000 
926 87.500000 
927 87.800000 
928 88.000000 
929 88.200000 
930 88.300000 
931 88.400000 
932 88.400000 
933 88.400000 
934 88.500000 
935 88.800000 
936 88.800000 
937 89.000000 
938 89.200000 
939 89.500000 
940 89.500000 
941 89.600000 
942 89.800000 
943 89.900000 
944 89.900000 
945 89.900000 
946 89.900000 
947 89.900000 
948 89.900000 
949 90.200000 
950 90.300000 
951 90.300000 
952 90.400000 
953 90.500000 
954 90.500000 
955 90.600000 
956 90.800000 
957 90.800000 
958 91.100000 
959 91.100000 
960 91.100000 
961 91.300000 
962 91.500000 
963 91.500000 
964 91.700000 
965 91.800000 
966 91.800000 
967 91.800000 
968 91.900000 
969 92.100000 
970 92.200000 
971 92.400000 
972 92.400000 
973 92.500000 
974 92.700000 
975 92.800000 
976 92.900000 
977 93.000000 
978 93.200000 
979 93.200000 
980 93.300000 
981 93.300000 
982 93.300000 
983 93.300000 
984 93.300000 
985 93.400000 
986 93.400000 
987 93.600000 
988 93.600000 
989 93.600000 
990 93.700000 
991 93.700000 
992 93.800000 
993 94.000000 
994 94.100000 
995 94.100000 
996 94.200000 
997 94.200000 
998 94.300000 
999 94.300000 
1000 94.300000 
1001 94.400000 
1002 94.500000 
1003 94.700000 
1004 95.000000 
1005 95.000000 
1006 95.000000 
1007 95.000000 
1008 95.100000 
1009 95.200000 
1010 95.200000 
1011 95.200000 
1012 95.200000 
1013 95.200000 
1014 95.300000 
1015 95.300000 
1016 95.300000 
1017 95.400000 
1018 95.500000 
1019 95.500000 
1020 95.600000 
1021 95.800000 
1022 95.800000 
1023 95.900000 
1024 95.900000 
1025 95.900000 
1026 96.000000 
1027 96.000000 
1028 96.000000 
1029 96.100000 
1030 96.100000 
1031 96.100000 
1032 96.200000 
1033 96.300000 
1034 96.400000 
1035 96.400000 
1036 96.400000 
1037 96.500000 
1038 96.600000 
1039 96.600000 
1040 96.600000 
1041 96.600000 
1042 96.700000 
1043 96.700000 
1044 96.800000 
1045 96.800000 
1046 96.900000 
1047 97.000000 
1048 97.000000 
1049 97.100000 
1050 97.200000 
1051 97.200000 
1052 97.300000 
1053 97.300000 
1054 97.300000 
1055 97.300000 
1056 97.300000 
1057 97.400000 
1058 97.400000 
1059 97.400000 
1060 97.400000 
1061 97.400000 
1062 97.400000 
1063 97.400000 
1064 97.400000 
1065 97.400000 
1066 97.400000 
1067 97.400000 
1068 97.400000 
1069 97.400000 
1070 97.400000 
1071 97.400000 
1072 97.400000 
1073 97.400000 
1074 97.400000 
1075 97.400000 
1076 97.500000 
1077 97.500000 
1078 97.500000 
1079 97.500000 
1080 97.600000 
1081 97.600000 
1082 97.600000 
1083 97.700000 
1084 97.700000 
1085 97.700000 
1086 97.700000 
1087 97.800000 
1088 97.800000 
1089 97.800000 
1090 97.800000 
1091 97.800000 
1092 97.800000 
1093 97.900000 
1094 97.900000 
1095 97.900000 
1096 97.900000 
1097 97.900000 
1098 97.900000 
1099 97.900000 
1100 97.900000 
1101 97.900000 
1102 97.900000 
1103 98.100000 
1104 98.200000 
1105 98.200000 
1106 98.200000 
1107 98.200000 
1108 98.200000 
1109 98.200000 
1110 98.300000 
1111 98.400000 
1112 98.400000 
1113 98.400000 
1114 98.400000 
1115 98.400000 
1116 98.500000 
1117 98.500000 
1118 98.500000 
1119 98.600000 
1120 98.700000 
1121 98.700000 
1122 98.700000 
1123 98.700000 
1124 98.700000 
1125 98.700000 
1126 98.700000 
1127 98.700000 
1128 98.700000 
1129 98.900000 
1130 98.900000 
1131 98.900000 
1132 99.000000 
1133 99.000000 
1134 99.000000 
1135 99.000000 
1136 99.000000 
1137 99.000000 
1138 99.000000 
1139 99.000000 
1140 99.100000 
1141 99.100000 
1142 99.100000 
1143 99.100000 
1144 99.100000 
1145 99.100000 
1146 99.100000 
1147 99.100000 
1148 99.100000 
1149 99.100000 
1150 99.100000 
1151 99.100000 
1152 99.100000 
1153 99.100000 
1154 99.100000 
1155 99.200000 
1156 99.200000 
1157 99.200000 
1158 99.200000 
1159 99.200000 
1160 99.200000 
1161 99.200000 
1162 99.200000 
1163 99.300000 
1164 99.300000 
1165 99.300000 
1166 99.300000 
1167 99.300000 
1168 99.300000 
1169 99.300000 
1170 99.300000 
1171 99.300000 
1172 99.300000 
1173 99.300000 
1174 99.300000 
1175 99.300000 
1176 99.300000 
1177 99.300000 
1178 99.300000 
1179 99.300000 
1180 99.300000 
1181 99.400000 
1182 99.400000 
1183 99.400000 
1184 99.400000 
1185 99.400000 
1186 99.400000 
1187 99.400000 
1188 99.400000 
1189 99.400000 
1190 99.400000 
1191 99.400000 
1192 99.400000 
1193 99.400000 
1194 99.400000 
1195 99.400000 
1196 99.400000 
1197 99.400000 
1198 99.400000 
1199 99.400000 
1200 99.400000 
1201 99.400000 
1202 99.400000 
1203 99.400000 
1204 99.500000 
1205 99.500000 
1206 99.500000 
1207 99.500000 
1208 99.600000 
1209 99.600000 
1210 99.600000 
1211 99.600000 
1212 99.600000 
1213 99.700000 
1214 99.800000 
1215 99.800000 
1216 99.800000 
1217 99.800000 
1218 99.800000 
1219 99.800000 
1220 99.800000 
1221 99.800000 
1222 99.800000 
1223 99.800000 
1224 99.800000 
1225 99.800000 
1226 99.900000 
1227 99.900000 
1228 99.900000 
1229 99.900000 
1230 99.900000 
1231 99.900000 
1232 99.900000 
1233 99.900000 
1234 99.900000 
1235 99.900000 
1236 99.900000 
1237 99.900000 
1238 99.900000 
1239 99.900000 
1240 99.900000 
1241 99.900000 
1242 99.900000 
1243 99.900000 
1244 99.900000 
1245 99.900000 
1246 99.900000 
1247 99.900000 
1248 99.900000 
1249 99.900000 
1250 99.900000 
1251 99.900000 
1252 99.900000 
1253 99.900000 
1254 99.900000 
1255 99.900000 
1256 99.900000 
1257 99.900000 
1258 99.900000 
1259 99.900000 
1260 99.900000 
1261 99.900000 
1262 99.900000 
1263 99.900000 
1264 99.900000 
1265 99.900000 
1266 100.000000 
1267 100.000000 
1268 100.000000 
1269 100.000000 
1270 100.000000 
1271 100.000000 
1272 100.000000 
1273 100.000000 
1274 100.000000 
1275 100.000000 
1276 100.000000 
1277 100.000000 
1278 100.000000 
1279 100.000000 
1280 100.000000 
1281 100.000000 
1282 100.000000 
1283 100.000000 
1284 100.000000 
1285 100.000000 
1286 100.000000 
1287 100.000000 
1288 100.000000 
1289 100.000000 
1290 100.000000 
1291 100.000000 
1292 100.000000 
1293 100.000000 
1294 100.000000 
1295 100.000000 
1296 100.000000 
1297 100.000000 
1298 100.000000 
1299 100.000000 
1300 100.000000 
1301 100.000000 
1302 100.000000 
1303 100.000000 
1304 100.000000 
1305 100.000000 
1306 100.000000 
1307 100.000000 
1308 100.000000 
1309 100.000000 
1310 100.000000 
1311 100.000000 
1312 100.000000 
1313 100.000000 
1314 100.000000 
1315 100.000000 
1316 100.000000 
1317 100.000000 
1318 100.000000 
1319 100.000000 
1320 100.000000 
1321 100.000000 
1322 100.000000 
1323 100.000000 
1324 100.000000 
1325 100.000000 
1326 100.000000 
1327 100.000000 
1328 100.000000 
1329 100.000000 
1330 100.000000 
1331 100.000000 
1332 100.000000 
1333 100.000000 
1334 100.000000 
1335 100.000000 
1336 100.000000 
1337 100.000000 
1338 100.000000 
1339 100.000000 
1340 100.000000 
1341 100.000000 
1342 100.000000 
1343 100.000000 
1344 100.000000 
1345 100.000000 
1346 100.000000 
1347 100.000000 
1348 100.000000 
1349 100.000000 
1350 100.000000 
1351 100.000000 
1352 100.000000 
1353 100.000000 
1354 100.000000 
1355 100.000000 
1356 100.000000 
1357 100.000000 
1358 100.000000 
1359 100.000000 
1360 100.000000 
1361 100.000000 
1362 100.000000 
1363 100.000000 
1364 100.000000 
1365 100.000000 
1366 100.000000 
1367 100.000000 
1368 100.000000 
1369 100.000000 
1370 100.000000 
1371 100.000000 
1372 100.000000 
1373 100.000000 
1374 100.000000 
1375 100.000000 
1376 100.000000 
1377 100.000000 
1378 100.000000 
1379 100.000000 
1380 100.000000 
1381 100.000000 
1382 100.000000 
1383 100.000000 
1384 100.000000 
1385 100.000000 
1386 100.000000 
1387 100.000000 
1388 100.000000 
1389 100.000000 
1390 100.000000 
1391 100.000000 
1392 100.000000 
1393 100.000000 
1394 100.000000 
1395 100.000000 
1396 100.000000 
1397 100.000000 
1398 100.000000 
1399 100.000000 
1400 100.000000 
1401 100.000000 
1402 100.000000 
1403 100.000000 
1404 100.000000 
1405 100.000000 
1406 100.000000 
1407 100.000000 
1408 100.000000 
1409 100.000000 
1410 100.000000 
1411 100.000000 
1412 100.000000 
1413 100.000000 
1414 100.000000 
1415 100.000000 
1416 100.000000 
1417 100.000000 
1418 100.000000 
1419 100.000000 
1420 100.000000 
1421 100.000000 
1422 100.000000 
1423 100.000000 
1424 100.000000 
1425 100.000000 
1426 100.000000 
1427 100.000000 
1428 100.000000 
1429 100.000000 
1430 100.000000 
1431 100.000000 
1432 100.000000 
1433 100.000000 
1434 100.000000 
1435 100.000000 
1436 100.000000 
1437 100.000000 
1438 100.000000 
1439 100.000000 
1440 100.000000 
1441 100.000000 
1442 100.000000 
1443 100.000000 
1444 100.000000 
1445 100.000000 
1446 100.000000 
1447 100.000000 
1448 100.000000 
1449 100.000000 
1450 100.000000 
1451 100.000000 
1452 100.000000 
1453 100.000000 
1454 100.000000 
1455 100.000000 
1456 100.000000 
1457 100.000000 
1458 100.000000 
1459 100.000000 
1460 100.000000 
1461 100.000000 
1462 100.000000 
1463 100.000000 
1464 100.000000 
1465 100.000000 
1466 100.000000 
1467 100.000000 
1468 100.000000 
1469 100.000000 
1470 100.000000 
1471 100.000000 
1472 100.000000 
1473 100.000000 
1474 100.000000 
1475 100.000000 
1476 100.000000 
1477 100.000000 
1478 100.000000 
1479 100.000000 
1480 100.000000 
1481 100.000000 
1482 100.000000 
1483 100.000000 
1484 100.000000 
1485 100.000000 
1486 100.000000 
1487 100.000000 
1488 100.000000 
1489 100.000000 
1490 100.000000 
1491 100.000000 
1492 100.000000 
1493 100.000000 
1494 100.000000 
1495 100.000000 
1496 100.000000 
1497 100.000000 
1498 100.000000 
1499 100.000000 
1500 100.000000 
1501 100.000000 
1502 100.000000 
1503 100.000000 
1504 100.000000 
1505 100.000000 
1506 100.000000 
1507 100.000000 
1508 100.000000 
1509 100.000000 
1510 100.000000 
1511 100.000000 
1512 100.000000 
1513 100.000000 
1514 100.000000 
1515 100.000000 
1516 100.000000 
1517 100.000000 
1518 100.000000 
1519 100.000000 
1520 100.000000 
1521 100.000000 
1522 100.000000 
1523 100.000000 
1524 100.000000 
1525 100.000000 
1526 100.000000 
1527 100.000000 
1528 100.000000 
1529 100.000000 
1530 100.000000 
1531 100.000000 
1532 100.000000 
1533 100.000000 
1534 100.000000 
1535 100.000000 
1536 100.000000 
1537 100.000000 
1538 100.000000 
1539 100.000000 
1540 100.000000 
1541 100.000000 
1542 100.000000 
1543 100.000000 
1544 100.000000 
1545 100.000000 
1546 100.000000 
1547 100.000000 
1548 100.000000 
1549 100.000000 
1550 100.000000 
1551 100.000000 
1552 100.000000 
1553 100.000000 
1554 100.000000 
1555 100.000000 
1556 100.000000 
1557 100.000000 
1558 100.000000 
1559 100.000000 
1560 100.000000 
1561 100.000000 
1562 100.000000 
1563 100.000000 
1564 100.000000 
1565 100.000000 
1566 100.000000 
1567 100.000000 
1568 100.000000 
1569 100.000000 
1570 100.000000 
1571 100.000000 
1572 100.000000 
1573 100.000000 
1574 100.000000 
1575 100.000000 
1576 100.000000 
1577 100.000000 
1578 100.000000 
1579 100.000000 
1580 100.000000 
1581 100.000000 
1582 100.000000 
1583 100.000000 
1584 100.000000 
1585 100.000000 
1586 100.000000 
1587 100.000000 
1588 100.000000 
1589 100.000000 
1590 100.000000 
1591 100.000000 
1592 100.000000 
1593 100.000000 
1594 100.000000 
1595 100.000000 
1596 100.000000 
1597 100.000000 
1598 100.000000 
1599 100.000000 
1600 100.000000 
1601 100.000000 
1602 100.000000 
1603 100.000000 
1604 100.000000 
1605 100.000000 
1606 100.000000 
1607 100.000000 
1608 100.000000 
1609 100.000000 
1610 100.000000 
1611 100.000000 
1612 100.000000 
1613 100.000000 
1614 100.000000 
1615 100.000000 
1616 100.000000 
1617 100.000000 
1618 100.000000 
1619 100.000000 
1620 100.000000 
1621 100.000000 
1622 100.000000 
1623 100.000000 
1624 100.000000 
1625 100.000000 
1626 100.000000 
1627 100.000000 
1628 100.000000 
1629 100.000000 
1630 100.000000 
1631 100.000000 
1632 100.000000 
1633 100.000000 
1634 100.000000 
1635 100.000000 
1636 100.000000 
1637 100.000000 
1638 100.000000 
1639 100.000000 
1640 100.000000 
1641 100.000000 
1642 100.000000 
1643 100.000000 
1644 100.000000 
1645 100.000000 
1646 100.000000 
1647 100.000000 
1648 100.000000 
1649 100.000000 
1650 100.000000 
1651 100.000000 
1652 100.000000 
1653 100.000000 
1654 100.000000 
1655 100.000000 
1656 100.000000 
1657 100.000000 
1658 100.000000 
1659 100.000000 
1660 100.000000 
1661 100.000000 
1662 100.000000 
1663 100.000000 
1664 100.000000 
1665 100.000000 
1666 100.000000 
1667 100.000000 
1668 100.000000 
1669 100.000000 
1670 100.000000 
1671 100.000000 
1672 100.000000 
1673 100.000000 
1674 100.000000 
1675 100.000000 
1676 100.000000 
1677 100.000000 
1678 100.000000 
1679 100.000000 
1680 100.000000 
1681 100.000000 
1682 100.000000 
1683 100.000000 
1684 100.000000 
1685 100.000000 
1686 100.000000 
1687 100.000000 
1688 100.000000 
1689 100.000000 
1690 100.000000 
1691 100.000000 
1692 100.000000 
1693 100.000000 
1694 100.000000 
1695 100.000000 
1696 100.000000 
1697 100.000000 
1698 100.000000 
1699 100.000000 
1700 100.000000 
1701 100.000000 
1702 100.000000 
1703 100.000000 
1704 100.000000 
1705 100.000000 
1706 100.000000 
1707 100.000000 
1708 100.000000 
1709 100.000000 
1710 100.000000 
1711 100.000000 
1712 100.000000 
1713 100.000000 
1714 100.000000 
1715 100.000000 
1716 100.000000 
1717 100.000000 
1718 100.000000 
1719 100.000000 
1720 100.000000 
1721 100.000000 
1722 100.000000 
1723 100.000000 
1724 100.000000 
1725 100.000000 
1726 100.000000 
1727 100.000000 
1728 100.000000 
1729 100.000000 
1730 100.000000 
1731 100.000000 
1732 100.000000 
1733 100.000000 
1734 100.000000 
1735 100.000000 
1736 100.000000 
1737 100.000000 
1738 100.000000 
1739 100.000000 
1740 100.000000 
1741 100.000000 
1742 100.000000 
1743 100.000000 
1744 100.000000 
1745 100.000000 
1746 100.000000 
1747 100.000000 
1748 100.000000 
1749 100.000000 
1750 100.000000 
1751 100.000000 
1752 100.000000 
1753 100.000000 
1754 100.000000 
1755 100.000000 
1756 100.000000 
1757 100.000000 
1758 100.000000 
1759 100.000000 
1760 100.000000 
1761 100.000000 
1762 100.000000 
1763 100.000000 
1764 100.000000 
1765 100.000000 
1766 100.000000 
1767 100.000000 
1768 100.000000 
1769 100.000000 
1770 100.000000 
1771 100.000000 
1772 100.000000 
1773 100.000000 
1774 100.000000 
1775 100.000000 
1776 100.000000 
1777 100.000000 
1778 100.000000 
1779 100.000000 
1780 100.000000 
1781 100.000000 
1782 100.000000 
1783 100.000000 
1784 100.000000 
1785 100.000000 
1786 100.000000 
1787 100.000000 
1788 100.000000 
1789 100.000000 
1790 100.000000 
1791 100.000000 
1792 100.000000 
1793 100.000000 
1794 100.000000 
1795 100.000000 
1796 100.000000 
1797 100.000000 
1798 100.000000 
1799 100.000000 
1800 100.000000 
1801 100.000000 
1802 100.000000 
1803 100.000000 
1804 100.000000 
1805 100.000000 
1806 100.000000 
1807 100.000000 
1808 100.000000 
1809 100.000000 
1810 100.000000 
1811 100.000000 
1812 100.000000 
1813 100.000000 
1814 100.000000 
1815 100.000000 
1816 100.000000 
1817 100.000000 
1818 100.000000 
1819 100.000000 
1820 100.000000 
1821 100.000000 
1822 100.000000 
1823 100.000000 
1824 100.000000 
1825 100.000000 
1826 100.000000 
1827 100.000000 
1828 100.000000 
1829 100.000000 
1830 100.000000 
1831 100.000000 
1832 100.000000 
1833 100.000000 
1834 100.000000 
1835 100.000000 
1836 100.000000 
1837 100.000000 
1838 100.000000 
1839 100.000000 
1840 100.000000 
1841 100.000000 
1842 100.000000 
1843 100.000000 
1844 100.000000 
1845 100.000000 
1846 100.000000 
1847 100.000000 
1848 100.000000 
1849 100.000000 
1850 100.000000 
1851 100.000000 
1852 100.000000 
1853 100.000000 
1854 100.000000 
1855 100.000000 
1856 100.000000 
1857 100.000000 
1858 100.000000 
1859 100.000000 
1860 100.000000 
1861 100.000000 
1862 100.000000 
1863 100.000000 
1864 100.000000 
1865 100.000000 
1866 100.000000 
1867 100.000000 
1868 100.000000 
1869 100.000000 
1870 100.000000 
1871 100.000000 
1872 100.000000 
1873 100.000000 
1874 100.000000 
1875 100.000000 
1876 100.000000 
1877 100.000000 
1878 100.000000 
1879 100.000000 
1880 100.000000 
1881 100.000000 
1882 100.000000 
1883 100.000000 
1884 100.000000 
1885 100.000000 
1886 100.000000 
1887 100.000000 
1888 100.000000 
1889 100.000000 
1890 100.000000 
1891 100.000000 
1892 100.000000 
1893 100.000000 
1894 100.000000 
1895 100.000000 
1896 100.000000 
1897 100.000000 
1898 100.000000 
1899 100.000000 
1900 100.000000 
1901 100.000000 
1902 100.000000 
1903 100.000000 
1904 100.000000 
1905 100.000000 
1906 100.000000 
1907 100.000000 
1908 100.000000 
1909 100.000000 
1910 100.000000 
1911 100.000000 
1912 100.000000 
1913 100.000000 
1914 100.000000 
1915 100.000000 
1916 100.000000 
1917 100.000000 
1918 100.000000 
1919 100.000000 
1920 100.000000 
1921 100.000000 
1922 100.000000 
1923 100.000000 
1924 100.000000 
1925 100.000000 
1926 100.000000 
1927 100.000000 
1928 100.000000 
1929 100.000000 
1930 100.000000 
1931 100.000000 
1932 100.000000 
1933 100.000000 
1934 100.000000 
1935 100.000000 
1936 100.000000 
1937 100.000000 
1938 100.000000 
1939 100.000000 
1940 100.000000 
1941 100.000000 
1942 100.000000 
1943 100.000000 
1944 100.000000 
1945 100.000000 
1946 100.000000 
1947 100.000000 
1948 100.000000 
1949 100.000000 
1950 100.000000 
1951 100.000000 
1952 100.000000 
1953 100.000000 
1954 100.000000 
1955 100.000000 
1956 100.000000 
1957 100.000000 
1958 100.000000 
1959 100.000000 
1960 100.000000 
1961 100.000000 
1962 100.000000 
1963 100.000000 
1964 100.000000 
1965 100.000000 
1966 100.000000 
1967 100.000000 
1968 100.000000 
1969 100.000000 
1970 100.000000 
1971 100.000000 
1972 100.000000 
1973 100.000000 
1974 100.000000 
1975 100.000000 
1976 100.000000 
1977 100.000000 
1978 100.000000 
1979 100.000000 
1980 100.000000 
1981 100.000000 
1982 100.000000 
1983 100.000000 
1984 100.000000 
1985 100.000000 
1986 100.000000 
1987 100.000000 
1988 100.000000 
1989 100.000000 
1990 100.000000 
1991 100.000000 
1992 100.000000 
1993 100.000000 
1994 100.000000 
1995 100.000000 
1996 100.000000 
1997 100.000000 
1998 100.000000 
1999 100.000000 
2000 100.000000 
2001 100.000000 
2002 100.000000 
2003 100.000000 
2004 100.000000 
2005 100.000000 
2006 100.000000 
2007 100.000000 
2008 100.000000 
2009 100.000000 
2010 100.000000 
2011 100.000000 
2012 100.000000 
2013 100.000000 
2014 100.000000 
2015 100.000000 
2016 100.000000 
2017 100.000000 
2018 100.000000 
2019 100.000000 
2020 100.000000 
2021 100.000000 
2022 100.000000 
2023 100.000000 
2024 100.000000 
2025 100.000000 
2026 100.000000 
2027 100.000000 
2028 100.000000 
2029 100.000000 
2030 100.000000 
2031 100.000000 
2032 100.000000 
2033 100.000000 
2034 100.000000 
2035 100.000000 
2036 100.000000 
2037 100.000000 
2038 100.000000 
2039 100.000000 
2040 100.000000 
2041 100.000000 
2042 100.000000 
2043 100.000000 
2044 100.000000 
2045 100.000000 
2046 100.000000 
2047 100.000000 
2048 100.000000 
2049 100.000000 
2050 100.000000 
2051 100.000000 
2052 100.000000 
2053 100.000000 
2054 100.000000 
2055 100.000000 
2056 100.000000 
2057 100.000000 
2058 100.000000 
2059 100.000000 
2060 100.000000 
2061 100.000000 
2062 100.000000 
2063 100.000000 
2064 100.000000 
2065 100.000000 
2066 100.000000 
2067 100.000000 
2068 100.000000 
2069 100.000000 
2070 100.000000 
2071 100.000000 
2072 100.000000 
2073 100.000000 
2074 100.000000 
2075 100.000000 
2076 100.000000 
2077 100.000000 
2078 100.000000 
2079 100.000000 
2080 100.000000 
2081 100.000000 
2082 100.000000 
2083 100.000000 
2084 100.000000 
2085 100.000000 
2086 100.000000 
2087 100.000000 
2088 100.000000 
2089 100.000000 
2090 100.000000 
2091 100.000000 
2092 100.000000 
2093 100.000000 
2094 100.000000 
2095 100.000000 
2096 100.000000 
2097 100.000000 
2098 100.000000 
2099 100.000000 
2100 100.000000 
2101 100.000000 
2102 100.000000 
2103 100.000000 
2104 100.000000 
2105 100.000000 
2106 100.000000 
2107 100.000000 
2108 100.000000 
2109 100.000000 
2110 100.000000 
2111 100.000000 
2112 100.000000 
2113 100.000000 
2114 100.000000 
2115 100.000000 
2116 100.000000 
2117 100.000000 
2118 100.000000 
2119 100.000000 
2120 100.000000 
2121 100.000000 
2122 100.000000 
2123 100.000000 
2124 100.000000 
2125 100.000000 
2126 100.000000 
2127 100.000000 
2128 100.000000 
2129 100.000000 
2130 100.000000 
2131 100.000000 
2132 100.000000 
2133 100.000000 
2134 100.000000 
2135 100.000000 
2136 100.000000 
2137 100.000000 
2138 100.000000 
2139 100.000000 
2140 100.000000 
2141 100.000000 
2142 100.000000 
2143 100.000000 
2144 100.000000 
2145 100.000000 
2146 100.000000 
2147 100.000000 
2148 100.000000 
2149 100.000000 
2150 100.000000 
2151 100.000000 
2152 100.000000 
2153 100.000000 
2154 100.000000 
2155 100.000000 
2156 100.000000 
2157 100.000000 
2158 100.000000 
2159 100.000000 
2160 100.000000 
2161 100.000000 
2162 100.000000 
2163 100.000000 
2164 100.000000 
2165 100.000000 
2166 100.000000 
2167 100.000000 
2168 100.000000 
2169 100.000000 
2170 100.000000 
2171 100.000000 
2172 100.000000 
2173 100.000000 
2174 100.000000 
2175 100.000000 
2176 100.000000 
2177 100.000000 
2178 100.000000 
2179 100.000000 
2180 100.000000 
2181 100.000000 
2182 100.000000 
2183 100.000000 
2184 100.000000 
2185 100.000000 
2186 100.000000 
2187 100.000000 
2188 100.000000 
2189 100.000000 
2190 100.000000 
2191 100.000000 
2192 100.000000 
2193 100.000000 
2194 100.000000 
2195 100.000000 
2196 100.000000 
2197 100.000000 
2198 100.000000 
2199 100.000000 
2200 100.000000 
2201 100.000000 
2202 100.000000 
2203 100.000000 
2204 100.000000 
2205 100.000000 
2206 100.000000 
2207 100.000000 
2208 100.000000 
2209 100.000000 
2210 100.000000 
2211 100.000000 
2212 100.000000 
2213 100.000000 
2214 100.000000 
2215 100.000000 
2216 100.000000 
2217 100.000000 
2218 100.000000 
2219 100.000000 
2220 100.000000 
2221 100.000000 
2222 100.000000 
2223 100.000000 
2224 100.000000 
2225 100.000000 
2226 100.000000 
2227 100.000000 
2228 100.000000 
2229 100.000000 
2230 100.000000 
2231 100.000000 
2232 100.000000 
2233 100.000000 
2234 100.000000 
2235 100.000000 
2236 100.000000 
2237 100.000000 
2238 100.000000 
2239 100.000000 
2240 100.000000 
2241 100.000000 
2242 100.000000 
2243 100.000000 
2244 100.000000 
2245 100.000000 
2246 100.000000 
2247 100.000000 
2248 100.000000 
2249 100.000000 
2250 100.000000 
2251 100.000000 
2252 100.000000 
2253 100.000000 
2254 100.000000 
2255 100.000000 
2256 100.000000 
2257 100.000000 
2258 100.000000 
2259 100.000000 
2260 100.000000 
2261 100.000000 
2262 100.000000 
2263 100.000000 
2264 100.000000 
2265 100.000000 
2266 100.000000 
2267 100.000000 
2268 100.000000 
2269 100.000000 
2270 100.000000 
2271 100.000000 
2272 100.000000 
2273 100.000000 
2274 100.000000 
2275 100.000000 
2276 100.000000 
2277 100.000000 
2278 100.000000 
2279 100.000000 
2280 100.000000 
2281 100.000000 
2282 100.000000 
2283 100.000000 
2284 100.000000 
2285 100.000000 
2286 100.000000 
2287 100.000000 
2288 100.000000 
2289 100.000000 
2290 100.000000 
2291 100.000000 
2292 100.000000 
2293 100.000000 
2294 100.000000 
2295 100.000000 
2296 100.000000 
2297 100.000000 
2298 100.000000 
2299 100.000000 
2300 100.000000 
2301 100.000000 
2302 100.000000 
2303 100.000000 
2304 100.000000 
2305 100.000000 
2306 100.000000 
2307 100.000000 
2308 100.000000 
2309 100.000000 
2310 100.000000 
2311 100.000000 
2312 100.000000 
2313 100.000000 
2314 100.000000 
2315 100.000000 
2316 100.000000 
2317 100.000000 
2318 100.000000 
2319 100.000000 
2320 100.000000 
2321 100.000000 
2322 100.000000 
2323 100.000000 
2324 100.000000 
2325 100.000000 
2326 100.000000 
2327 100.000000 
2328 100.000000 
2329 100.000000 
2330 100.000000 
2331 100.000000 
2332 100.000000 
2333 100.000000 
2334 100.000000 
2335 100.000000 
2336 100.000000 
2337 100.000000 
2338 100.000000 
2339 100.000000 
2340 100.000000 
2341 100.000000 
2342 100.000000 
2343 100.000000 
2344 100.000000 
2345 100.000000 
2346 100.000000 
2347 100.000000 
2348 100.000000 
2349 100.000000 
2350 100.000000 
2351 100.000000 
2352 100.000000 
2353 100.000000 
2354 100.000000 
2355 100.000000 
2356 100.000000 
2357 100.000000 
2358 100.000000 
2359 100.000000 
2360 100.000000 
2361 100.000000 
2362 100.000000 
2363 100.000000 
2364 100.000000 
2365 100.000000 
2366 100.000000 
2367 100.000000 
2368 100.000000 
2369 100.000000 
2370 100.000000 
2371 100.000000 
2372 100.000000 
2373 100.000000 
2374 100.000000 
2375 100.000000 
2376 100.000000 
2377 100.000000 
2378 100.000000 
2379 100.000000 
2380 100.000000 
2381 100.000000 
2382 100.000000 
2383 100.000000 
2384 100.000000 
2385 100.000000 
2386 100.000000 
2387 100.000000 
2388 100.000000 
2389 100.000000 
2390 100.000000 
2391 100.000000 
2392 100.000000 
2393 100.000000 
2394 100.000000 
2395 100.000000 
2396 100.000000 
2397 100.000000 
2398 100.000000 
2399 100.000000 
2400 100.000000 
2401 100.000000 
2402 100.000000 
2403 100.000000 
2404 100.000000 
2405 100.000000 
2406 100.000000 
2407 100.000000 
2408 100.000000 
2409 100.000000 
2410 100.000000 
2411 100.000000 
2412 100.000000 
2413 100.000000 
2414 100.000000 
2415 100.000000 
2416 100.000000 
2417 100.000000 
2418 100.000000 
2419 100.000000 
2420 100.000000 
2421 100.000000 
2422 100.000000 
2423 100.000000 
2424 100.000000 
2425 100.000000 
2426 100.000000 
2427 100.000000 
2428 100.000000 
2429 100.000000 
2430 100.000000 
2431 100.000000 
2432 100.000000 
2433 100.000000 
2434 100.000000 
2435 100.000000 
2436 100.000000 
2437 100.000000 
2438 100.000000 
2439 100.000000 
2440 100.000000 
2441 100.000000 
2442 100.000000 
2443 100.000000 
2444 100.000000 
2445 100.000000 
2446 100.000000 
2447 100.000000 
2448 100.000000 
2449 100.000000 
2450 100.000000 
2451 100.000000 
2452 100.000000 
2453 100.000000 
2454 100.000000 
2455 100.000000 
2456 100.000000 
2457 100.000000 
2458 100.000000 
2459 100.000000 
2460 100.000000 
2461 100.000000 
2462 100.000000 
2463 100.000000 
2464 100.000000 
2465 100.000000 
2466 100.000000 
2467 100.000000 
2468 100.000000 
2469 100.000000 
2470 100.000000 
2471 100.000000 
2472 100.000000 
2473 100.000000 
2474 100.000000 
2475 100.000000 
2476 100.000000 
2477 100.000000 
2478 100.000000 
2479 100.000000 
2480 100.000000 
2481 100.000000 
2482 100.000000 
2483 100.000000 
2484 100.000000 
2485 100.000000 
2486 100.000000 
2487 100.000000 
2488 100.000000 
2489 100.000000 
2490 100.000000 
2491 100.000000 
2492 100.000000 
2493 100.000000 
2494 100.000000 
2495 100.000000 
2496 100.000000 
2497 100.000000 
2498 100.000000 
2499 100.000000 
2500 100.000000 
2501 100.000000 
2502 100.000000 
2503 100.000000 
2504 100.000000 
2505 100.000000 
2506 100.000000 
2507 100.000000 
2508 100.000000 
2509 100.000000 
2510 100.000000 
2511 100.000000 
2512 100.000000 
2513 100.000000 
2514 100.000000 
2515 100.000000 
2516 100.000000 
2517 100.000000 
2518 100.000000 
2519 100.000000 
2520 100.000000 
2521 100.000000 
2522 100.000000 
2523 100.000000 
2524 100.000000 
2525 100.000000 
2526 100.000000 
2527 100.000000 
2528 100.000000 
2529 100.000000 
2530 100.000000 
2531 100.000000 
2532 100.000000 
2533 100.000000 
2534 100.000000 
2535 100.000000 
2536 100.000000 
2537 100.000000 
2538 100.000000 
2539 100.000000 
2540 100.000000 
2541 100.000000 
2542 100.000000 
2543 100.000000 
2544 100.000000 
2545 100.000000 
2546 100.000000 
2547 100.000000 
2548 100.000000 
2549 100.000000 
2550 100.000000 
2551 100.000000 
2552 100.000000 
2553 100.000000 
2554 100.000000 
2555 100.000000 
2556 100.000000 
2557 100.000000 
2558 100.000000 
2559 100.000000 
2560 100.000000 
2561 100.000000 
2562 100.000000 
2563 100.000000 
2564 100.000000 
2565 100.000000 
2566 100.000000 
2567 100.000000 
2568 100.000000 
2569 100.000000 
2570 100.000000 
2571 100.000000 
2572 100.000000 
2573 100.000000 
2574 100.000000 
2575 100.000000 
2576 100.000000 
2577 100.000000 
2578 100.000000 
2579 100.000000 
2580 100.000000 
2581 100.000000 
2582 100.000000 
2583 100.000000 
2584 100.000000 
2585 100.000000 
2586 100.000000 
2587 100.000000 
2588 100.000000 
2589 100.000000 
2590 100.000000 
2591 100.000000 
2592 100.000000 
2593 100.000000 
2594 100.000000 
2595 100.000000 
2596 100.000000 
2597 100.000000 
2598 100.000000 
2599 100.000000 
2600 100.000000 
2601 100.000000 
2602 100.000000 
2603 100.000000 
2604 100.000000 
2605 100.000000 
2606 100.000000 
2607 100.000000 
2608 100.000000 
2609 100.000000 
2610 100.000000 
2611 100.000000 
2612 100.000000 
2613 100.000000 
2614 100.000000 
2615 100.000000 
2616 100.000000 
2617 100.000000 
2618 100.000000 
2619 100.000000 
2620 100.000000 
2621 100.000000 
2622 100.000000 
2623 100.000000 
2624 100.000000 
2625 100.000000 
2626 100.000000 
2627 100.000000 
2628 100.000000 
2629 100.000000 
2630 100.000000 
2631 100.000000 
2632 100.000000 
2633 100.000000 
2634 100.000000 
2635 100.000000 
2636 100.000000 
2637 100.000000 
2638 100.000000 
2639 100.000000 
2640 100.000000 
2641 100.000000 
2642 100.000000 
2643 100.000000 
2644 100.000000 
2645 100.000000 
2646 100.000000 
2647 100.000000 
2648 100.000000 
2649 100.000000 
2650 100.000000 
2651 100.000000 
2652 100.000000 
2653 100.000000 
2654 100.000000 
2655 100.000000 
2656 100.000000 
2657 100.000000 
2658 100.000000 
2659 100.000000 
2660 100.000000 
2661 100.000000 
2662 100.000000 
2663 100.000000 
2664 100.000000 
2665 100.000000 
2666 100.000000 
2667 100.000000 
2668 100.000000 
2669 100.000000 
2670 100.000000 
2671 100.000000 
2672 100.000000 
2673 100.000000 
2674 100.000000 
2675 100.000000 
2676 100.000000 
2677 100.000000 
2678 100.000000 
2679 100.000000 
2680 100.000000 
2681 100.000000 
2682 100.000000 
2683 100.000000 
2684 100.000000 
2685 100.000000 
2686 100.000000 
2687 100.000000 
2688 100.000000 
2689 100.000000 
2690 100.000000 
2691 100.000000 
2692 100.000000 
2693 100.000000 
2694 100.000000 
2695 100.000000 
2696 100.000000 
2697 100.000000 
2698 100.000000 
2699 100.000000 
2700 100.000000 
2701 100.000000 
2702 100.000000 
2703 100.000000 
2704 100.000000 
2705 100.000000 
2706 100.000000 
2707 100.000000 
2708 100.000000 
2709 100.000000 
2710 100.000000 
2711 100.000000 
2712 100.000000 
2713 100.000000 
2714 100.000000 
2715 100.000000 
2716 100.000000 
2717 100.000000 
2718 100.000000 
2719 100.000000 
2720 100.000000 
2721 100.000000 
2722 100.000000 
2723 100.000000 
2724 100.000000 
2725 100.000000 
2726 100.000000 
2727 100.000000 
2728 100.000000 
2729 100.000000 
2730 100.000000 
2731 100.000000 
2732 100.000000 
2733 100.000000 
2734 100.000000 
2735 100.000000 
2736 100.000000 
2737 100.000000 
2738 100.000000 
2739 100.000000 
2740 100.000000 
2741 100.000000 
2742 100.000000 
2743 100.000000 
2744 100.000000 
2745 100.000000 
2746 100.000000 
2747 100.000000 
2748 100.000000 
2749 100.000000 
2750 100.000000 
2751 100.000000 
2752 100.000000 
2753 100.000000 
2754 100.000000 
2755 100.000000 
2756 100.000000 
2757 100.000000 
2758 100.000000 
2759 100.000000 
2760 100.000000 
2761 100.000000 
2762 100.000000 
2763 100.000000 
2764 100.000000 
2765 100.000000 
2766 100.000000 
2767 100.000000 
2768 100.000000 
2769 100.000000 
2770 100.000000 
2771 100.000000 
2772 100.000000 
2773 100.000000 
2774 100.000000 
2775 100.000000 
2776 100.000000 
2777 100.000000 
2778 100.000000 
2779 100.000000 
2780 100.000000 
2781 100.000000 
2782 100.000000 
2783 100.000000 
2784 100.000000 
2785 100.000000 
2786 100.000000 
2787 100.000000 
2788 100.000000 
2789 100.000000 
2790 100.000000 
2791 100.000000 
2792 100.000000 
2793 100.000000 
2794 100.000000 
2795 100.000000 
2796 100.000000 
2797 100.000000 
2798 100.000000 
2799 100.000000 
2800 100.000000 
2801 100.000000 
2802 100.000000 
2803 100.000000 
2804 100.000000 
2805 100.000000 
2806 100.000000 
2807 100.000000 
2808 100.000000 
2809 100.000000 
2810 100.000000 
2811 100.000000 
2812 100.000000 
2813 100.000000 
2814 100.000000 
2815 100.000000 
2816 100.000000 
2817 100.000000 
2818 100.000000 
2819 100.000000 
2820 100.000000 
2821 100.000000 
2822 100.000000 
2823 100.000000 
2824 100.000000 
2825 100.000000 
2826 100.000000 
2827 100.000000 
2828 100.000000 
2829 100.000000 
2830 100.000000 
2831 100.000000 
2832 100.000000 
2833 100.000000 
2834 100.000000 
2835 100.000000 
2836 100.000000 
2837 100.000000 
2838 100.000000 
2839 100.000000 
2840 100.000000 
2841 100.000000 
2842 100.000000 
2843 100.000000 
2844 100.000000 
2845 100.000000 
2846 100.000000 
2847 100.000000 
2848 100.000000 
2849 100.000000 
2850 100.000000 
2851 100.000000 
2852 100.000000 
2853 100.000000 
2854 100.000000 
2855 100.000000 
2856 100.000000 
2857 100.000000 
2858 100.000000 
2859 100.000000 
2860 100.000000 
2861 100.000000 
2862 100.000000 
2863 100.000000 
2864 100.000000 
2865 100.000000 
2866 100.000000 
2867 100.000000 
2868 100.000000 
2869 100.000000 
2870 100.000000 
2871 100.000000 
2872 100.000000 
2873 100.000000 
2874 100.000000 
2875 100.000000 
2876 100.000000 
2877 100.000000 
2878 100.000000 
2879 100.000000 
2880 100.000000 
2881 100.000000 
2882 100.000000 
2883 100.000000 
2884 100.000000 
2885 100.000000 
2886 100.000000 
2887 100.000000 
2888 100.000000 
2889 100.000000 
2890 100.000000 
2891 100.000000 
2892 100.000000 
2893 100.000000 
2894 100.000000 
2895 100.000000 
2896 100.000000 
2897 100.000000 
2898 100.000000 
2899 100.000000 
2900 100.000000 
2901 100.000000 
2902 100.000000 
2903 100.000000 
2904 100.000000 
2905 100.000000 
2906 100.000000 
2907 100.000000 
2908 100.000000 
2909 100.000000 
2910 100.000000 
2911 100.000000 
2912 100.000000 
2913 100.000000 
2914 100.000000 
2915 100.000000 
2916 100.000000 
2917 100.000000 
2918 100.000000 
2919 100.000000 
2920 100.000000 
2921 100.000000 
2922 100.000000 
2923 100.000000 
2924 100.000000 
2925 100.000000 
2926 100.000000 
2927 100.000000 
2928 100.000000 
2929 100.000000 
2930 100.000000 
2931 100.000000 
2932 100.000000 
2933 100.000000 
2934 100.000000 
2935 100.000000 
2936 100.000000 
2937 100.000000 
2938 100.000000 
2939 100.000000 
2940 100.000000 
2941 100.000000 
2942 100.000000 
2943 100.000000 
2944 100.000000 
2945 100.000000 
2946 100.000000 
2947 100.000000 
2948 100.000000 
2949 100.000000 
2950 100.000000 
2951 100.000000 
2952 100.000000 
2953 100.000000 
2954 100.000000 
2955 100.000000 
2956 100.000000 
2957 100.000000 
2958 100.000000 
2959 100.000000 
2960 100.000000 
2961 100.000000 
2962 100.000000 
2963 100.000000 
2964 100.000000 
2965 100.000000 
2966 100.000000 
2967 100.000000 
2968 100.000000 
2969 100.000000 
2970 100.000000 
2971 100.000000 
2972 100.000000 
2973 100.000000 
2974 100.000000 
2975 100.000000 
2976 100.000000 
2977 100.000000 
2978 100.000000 
2979 100.000000 
2980 100.000000 
2981 100.000000 
2982 100.000000 
2983 100.000000 
2984 100.000000 
2985 100.000000 
2986 100.000000 
2987 100.000000 
2988 100.000000 
2989 100.000000 
2990 100.000000 
2991 100.000000 
2992 100.000000 
2993 100.000000 
2994 100.000000 
2995 100.000000 
2996 100.000000 
2997 100.000000 
2998 100.000000 
2999 100.000000 
3000 100.000000 
3001 100.000000 
3002 100.000000 
3003 100.000000 
3004 100.000000 
3005 100.000000 
3006 100.000000 
3007 100.000000 
3008 100.000000 
3009 100.000000 
3010 100.000000 
3011 100.000000 
3012 100.000000 
3013 100.000000 
3014 100.000000 
3015 100.000000 
3016 100.000000 
3017 100.000000 
3018 100.000000 
3019 100.000000 
3020 100.000000 
3021 100.000000 
3022 100.000000 
3023 100.000000 
3024 100.000000 
3025 100.000000 
3026 100.000000 
3027 100.000000 
3028 100.000000 
3029 100.000000 
3030 100.000000 
3031 100.000000 
3032 100.000000 
3033 100.000000 
3034 100.000000 
3035 100.000000 
3036 100.000000 
3037 100.000000 
3038 100.000000 
3039 100.000000 
3040 100.000000 
3041 100.000000 
3042 100.000000 
3043 100.000000 
3044 100.000000 
3045 100.000000 
3046 100.000000 
3047 100.000000 
3048 100.000000 
3049 100.000000 
3050 100.000000 
3051 100.000000 
3052 100.000000 
3053 100.000000 
3054 100.000000 
3055 100.000000 
3056 100.000000 
3057 100.000000 
3058 100.000000 
3059 100.000000 
3060 100.000000 
3061 100.000000 
3062 100.000000 
3063 100.000000 
3064 100.000000 
3065 100.000000 
3066 100.000000 
3067 100.000000 
3068 100.000000 
3069 100.000000 
3070 100.000000 
3071 100.000000 
3072 100.000000 
3073 100.000000 
3074 100.000000 
3075 100.000000 
3076 100.000000 
3077 100.000000 
3078 100.000000 
3079 100.000000 
3080 100.000000 
3081 100.000000 
3082 100.000000 
3083 100.000000 
3084 100.000000 
3085 100.000000 
3086 100.000000 
3087 100.000000 
3088 100.000000 
3089 100.000000 
3090 100.000000 
3091 100.000000 
3092 100.000000 
3093 100.000000 
3094 100.000000 
3095 100.000000 
3096 100.000000 
3097 100.000000 
3098 100.000000 
3099 100.000000 
3100 100.000000 
3101 100.000000 
3102 100.000000 
3103 100.000000 
3104 100.000000 
3105 100.000000 
3106 100.000000 
3107 100.000000 
3108 100.000000 
3109 100.000000 
3110 100.000000 
3111 100.000000 
3112 100.000000 
3113 100.000000 
3114 100.000000 
3115 100.000000 
3116 100.000000 
3117 100.000000 
3118 100.000000 
3119 100.000000 
3120 100.000000 
3121 100.000000 
3122 100.000000 
3123 100.000000 
3124 100.000000 
3125 100.000000 
3126 100.000000 
3127 100.000000 
3128 100.000000 
3129 100.000000 
3130 100.000000 
3131 100.000000 
3132 100.000000 
3133 100.000000 
3134 100.000000 
3135 100.000000 
3136 100.000000 
3137 100.000000 
3138 100.000000 
3139 100.000000 
3140 100.000000 
3141 100.000000 
3142 100.000000 
3143 100.000000 
3144 100.000000 
3145 100.000000 
3146 100.000000 
3147 100.000000 
3148 100.000000 
3149 100.000000 
3150 100.000000 
3151 100.000000 
3152 100.000000 
3153 100.000000 
3154 100.000000 
3155 100.000000 
3156 100.000000 
3157 100.000000 
3158 100.000000 
3159 100.000000 
3160 100.000000 
3161 100.000000 
3162 100.000000 
3163 100.000000 
3164 100.000000 
3165 100.000000 
3166 100.000000 
3167 100.000000 
3168 100.000000 
3169 100.000000 
3170 100.000000 
3171 100.000000 
3172 100.000000 
3173 100.000000 
3174 100.000000 
3175 100.000000 
3176 100.000000 
3177 100.000000 
3178 100.000000 
3179 100.000000 
3180 100.000000 
3181 100.000000 
3182 100.000000 
3183 100.000000 
3184 100.000000 
3185 100.000000 
3186 100.000000 
3187 100.000000 
3188 100.000000 
3189 100.000000 
3190 100.000000 
3191 100.000000 
3192 100.000000 
3193 100.000000 
3194 100.000000 
3195 100.000000 
3196 100.000000 
3197 100.000000 
3198 100.000000 
3199 100.000000 
3200 100.000000 
3201 100.000000 
3202 100.000000 
3203 100.000000 
3204 100.000000 
3205 100.000000 
3206 100.000000 
3207 100.000000 
3208 100.000000 
3209 100.000000 
3210 100.000000 
3211 100.000000 
3212 100.000000 
3213 100.000000 
3214 100.000000 
3215 100.000000 
3216 100.000000 
3217 100.000000 
3218 100.000000 
3219 100.000000 
3220 100.000000 
3221 100.000000 
3222 100.000000 
3223 100.000000 
3224 100.000000 
3225 100.000000 
3226 100.000000 
3227 100.000000 
3228 100.000000 
3229 100.000000 
3230 100.000000 
3231 100.000000 
3232 100.000000 
3233 100.000000 
3234 100.000000 
3235 100.000000 
3236 100.000000 
3237 100.000000 
3238 100.000000 
3239 100.000000 
3240 100.000000 
3241 100.000000 
3242 100.000000 
3243 100.000000 
3244 100.000000 
3245 100.000000 
3246 100.000000 
3247 100.000000 
3248 100.000000 
3249 100.000000 
3250 100.000000 
3251 100.000000 
3252 100.000000 
3253 100.000000 
3254 100.000000 
3255 100.000000 
3256 100.000000 
3257 100.000000 
3258 100.000000 
3259 100.000000 
3260 100.000000 
3261 100.000000 
3262 100.000000 
3263 100.000000 
3264 100.000000 
3265 100.000000 
3266 100.000000 
3267 100.000000 
3268 100.000000 
3269 100.000000 
3270 100.000000 
3271 100.000000 
3272 100.000000 
3273 100.000000 
3274 100.000000 
3275 100.000000 
3276 100.000000 
3277 100.000000 
3278 100.000000 
3279 100.000000 
3280 100.000000 
3281 100.000000 
3282 100.000000 
3283 100.000000 
3284 100.000000 
3285 100.000000 
3286 100.000000 
3287 100.000000 
3288 100.000000 
3289 100.000000 
3290 100.000000 
3291 100.000000 
3292 100.000000 
3293 100.000000 
3294 100.000000 
3295 100.000000 
3296 100.000000 
3297 100.000000 
3298 100.000000 
3299 100.000000 
3300 100.000000 
3301 100.000000 
3302 100.000000 
3303 100.000000 
3304 100.000000 
3305 100.000000 
3306 100.000000 
3307 100.000000 
3308 100.000000 
3309 100.000000 
3310 100.000000 
3311 100.000000 
3312 100.000000 
3313 100.000000 
3314 100.000000 
3315 100.000000 
3316 100.000000 
3317 100.000000 
3318 100.000000 
3319 100.000000 
3320 100.000000 
3321 100.000000 
3322 100.000000 
3323 100.000000 
3324 100.000000 
3325 100.000000 
3326 100.000000 
3327 100.000000 
3328 100.000000 
3329 100.000000 
3330 100.000000 
3331 100.000000 
3332 100.000000 
3333 100.000000 
3334 100.000000 
3335 100.000000 
3336 100.000000 
3337 100.000000 
3338 100.000000 
3339 100.000000 
3340 100.000000 
3341 100.000000 
3342 100.000000 
3343 100.000000 
3344 100.000000 
3345 100.000000 
3346 100.000000 
3347 100.000000 
3348 100.000000 
3349 100.000000 
3350 100.000000 
3351 100.000000 
3352 100.000000 
3353 100.000000 
3354 100.000000 
3355 100.000000 
3356 100.000000 
3357 100.000000 
3358 100.000000 
3359 100.000000 
3360 100.000000 
3361 100.000000 
3362 100.000000 
3363 100.000000 
3364 100.000000 
3365 100.000000 
3366 100.000000 
3367 100.000000 
3368 100.000000 
3369 100.000000 
3370 100.000000 
3371 100.000000 
3372 100.000000 
3373 100.000000 
3374 100.000000 
3375 100.000000 
3376 100.000000 
3377 100.000000 
3378 100.000000 
3379 100.000000 
3380 100.000000 
3381 100.000000 
3382 100.000000 
3383 100.000000 
3384 100.000000 
3385 100.000000 
3386 100.000000 
3387 100.000000 
3388 100.000000 
3389 100.000000 
3390 100.000000 
3391 100.000000 
3392 100.000000 
3393 100.000000 
3394 100.000000 
3395 100.000000 
3396 100.000000 
3397 100.000000 
3398 100.000000 
3399 100.000000 
3400 100.000000 
3401 100.000000 
3402 100.000000 
3403 100.000000 
3404 100.000000 
3405 100.000000 
3406 100.000000 
3407 100.000000 
3408 100.000000 
3409 100.000000 
3410 100.000000 
3411 100.000000 
3412 100.000000 
3413 100.000000 
3414 100.000000 
3415 100.000000 
3416 100.000000 
3417 100.000000 
3418 100.000000 
3419 100.000000 
3420 100.000000 
3421 100.000000 
3422 100.000000 
3423 100.000000 
3424 100.000000 
3425 100.000000 
3426 100.000000 
3427 100.000000 
3428 100.000000 
3429 100.000000 
3430 100.000000 
3431 100.000000 
3432 100.000000 
3433 100.000000 
3434 100.000000 
3435 100.000000 
3436 100.000000 
3437 100.000000 
3438 100.000000 
3439 100.000000 
3440 100.000000 
3441 100.000000 
3442 100.000000 
3443 100.000000 
3444 100.000000 
3445 100.000000 
3446 100.000000 
3447 100.000000 
3448 100.000000 
3449 100.000000 
3450 100.000000 
3451 100.000000 
3452 100.000000 
3453 100.000000 
3454 100.000000 
3455 100.000000 
3456 100.000000 
3457 100.000000 
3458 100.000000 
3459 100.000000 
3460 100.000000 
3461 100.000000 
3462 100.000000 
3463 100.000000 
3464 100.000000 
3465 100.000000 
3466 100.000000 
3467 100.000000 
3468 100.000000 
3469 100.000000 
3470 100.000000 
3471 100.000000 
3472 100.000000 
3473 100.000000 
3474 100.000000 
3475 100.000000 
3476 100.000000 
3477 100.000000 
3478 100.000000 
3479 100.000000 
3480 100.000000 
3481 100.000000 
3482 100.000000 
3483 100.000000 
3484 100.000000 
3485 100.000000 
3486 100.000000 
3487 100.000000 
3488 100.000000 
3489 100.000000 
3490 100.000000 
3491 100.000000 
3492 100.000000 
3493 100.000000 
3494 100.000000 
3495 100.000000 
3496 100.000000 
3497 100.000000 
3498 100.000000 
3499 100.000000 
3500 100.000000 
3501 100.000000 
3502 100.000000 
3503 100.000000 
3504 100.000000 
3505 100.000000 
3506 100.000000 
3507 100.000000 
3508 100.000000 
3509 100.000000 
3510 100.000000 
3511 100.000000 
3512 100.000000 
3513 100.000000 
3514 100.000000 
3515 100.000000 
3516 100.000000 
3517 100.000000 
3518 100.000000 
3519 100.000000 
3520 100.000000 
3521 100.000000 
3522 100.000000 
3523 100.000000 
3524 100.000000 
3525 100.000000 
3526 100.000000 
3527 100.000000 
3528 100.000000 
3529 100.000000 
3530 100.000000 
3531 100.000000 
3532 100.000000 
3533 100.000000 
3534 100.000000 
3535 100.000000 
3536 100.000000 
3537 100.000000 
3538 100.000000 
3539 100.000000 
3540 100.000000 
3541 100.000000 
3542 100.000000 
3543 100.000000 
3544 100.000000 
3545 100.000000 
3546 100.000000 
3547 100.000000 
3548 100.000000 
3549 100.000000 
3550 100.000000 
3551 100.000000 
3552 100.000000 
3553 100.000000 
3554 100.000000 
3555 100.000000 
3556 100.000000 
3557 100.000000 
3558 100.000000 
3559 100.000000 
3560 100.000000 
3561 100.000000 
3562 100.000000 
3563 100.000000 
3564 100.000000 
3565 100.000000 
3566 100.000000 
3567 100.000000 
3568 100.000000 
3569 100.000000 
3570 100.000000 
3571 100.000000 
3572 100.000000 
3573 100.000000 
3574 100.000000 
3575 100.000000 
3576 100.000000 
3577 100.000000 
3578 100.000000 
3579 100.000000 
3580 100.000000 
3581 100.000000 
3582 100.000000 
3583 100.000000 
3584 100.000000 
3585 100.000000 
3586 100.000000 
3587 100.000000 
3588 100.000000 
3589 100.000000 
3590 100.000000 
3591 100.000000 
3592 100.000000 
3593 100.000000 
3594 100.000000 
3595 100.000000 
3596 100.000000 
3597 100.000000 
3598 100.000000 
3599 100.000000 
3600 100.000000 
3601 100.000000 
3602 100.000000 
3603 100.000000 
3604 100.000000 
3605 100.000000 
3606 100.000000 
3607 100.000000 
3608 100.000000 
3609 100.000000 
3610 100.000000 
3611 100.000000 
3612 100.000000 
3613 100.000000 
3614 100.000000 
3615 100.000000 
3616 100.000000 
3617 100.000000 
3618 100.000000 
3619 100.000000 
3620 100.000000 
3621 100.000000 
3622 100.000000 
3623 100.000000 
3624 100.000000 
3625 100.000000 
3626 100.000000 
3627 100.000000 
3628 100.000000 
3629 100.000000 
3630 100.000000 
3631 100.000000 
3632 100.000000 
3633 100.000000 
3634 100.000000 
3635 100.000000 
3636 100.000000 
3637 100.000000 
3638 100.000000 
3639 100.000000 
3640 100.000000 
3641 100.000000 
3642 100.000000 
3643 100.000000 
3644 100.000000 
3645 100.000000 
3646 100.000000 
3647 100.000000 
3648 100.000000 
3649 100.000000 
3650 100.000000 
3651 100.000000 
3652 100.000000 
3653 100.000000 
3654 100.000000 
3655 100.000000 
3656 100.000000 
3657 100.000000 
3658 100.000000 
3659 100.000000 
3660 100.000000 
3661 100.000000 
3662 100.000000 
3663 100.000000 
3664 100.000000 
3665 100.000000 
3666 100.000000 
3667 100.000000 
3668 100.000000 
3669 100.000000 
3670 100.000000 
3671 100.000000 
3672 100.000000 
3673 100.000000 
3674 100.000000 
3675 100.000000 
3676 100.000000 
3677 100.000000 
3678 100.000000 
3679 100.000000 
3680 100.000000 
3681 100.000000 
3682 100.000000 
3683 100.000000 
3684 100.000000 
3685 100.000000 
3686 100.000000 
3687 100.000000 
3688 100.000000 
3689 100.000000 
3690 100.000000 
3691 100.000000 
3692 100.000000 
3693 100.000000 
3694 100.000000 
3695 100.000000 
3696 100.000000 
3697 100.000000 
3698 100.000000 
3699 100.000000 
3700 100.000000 
3701 100.000000 
3702 100.000000 
3703 100.000000 
3704 100.000000 
3705 100.000000 
3706 100.000000 
3707 100.000000 
3708 100.000000 
3709 100.000000 
3710 100.000000 
3711 100.000000 
3712 100.000000 
3713 100.000000 
3714 100.000000 
3715 100.000000 
3716 100.000000 
3717 100.000000 
3718 100.000000 
3719 100.000000 
3720 100.000000 
3721 100.000000 
3722 100.000000 
3723 100.000000 
3724 100.000000 
3725 100.000000 
3726 100.000000 
3727 100.000000 
3728 100.000000 
3729 100.000000 
3730 100.000000 
3731 100.000000 
3732 100.000000 
3733 100.000000 
3734 100.000000 
3735 100.000000 
3736 100.000000 
3737 100.000000 
3738 100.000000 
3739 100.000000 
3740 100.000000 
3741 100.000000 
3742 100.000000 
3743 100.000000 
3744 100.000000 
3745 100.000000 
3746 100.000000 
3747 100.000000 
3748 100.000000 
3749 100.000000 
3750 100.000000 
3751 100.000000 
3752 100.000000 
3753 100.000000 
3754 100.000000 
3755 100.000000 
3756 100.000000 
3757 100.000000 
3758 100.000000 
3759 100.000000 
3760 100.000000 
3761 100.000000 
3762 100.000000 
3763 100.000000 
3764 100.000000 
3765 100.000000 
3766 100.000000 
3767 100.000000 
3768 100.000000 
3769 100.000000 
3770 100.000000 
3771 100.000000 
3772 100.000000 
3773 100.000000 
3774 100.000000 
3775 100.000000 
3776 100.000000 
3777 100.000000 
3778 100.000000 
3779 100.000000 
3780 100.000000 
3781 100.000000 
3782 100.000000 
3783 100.000000 
3784 100.000000 
3785 100.000000 
3786 100.000000 
3787 100.000000 
3788 100.000000 
3789 100.000000 
3790 100.000000 
3791 100.000000 
3792 100.000000 
3793 100.000000 
3794 100.000000 
3795 100.000000 
3796 100.000000 
3797 100.000000 
3798 100.000000 
3799 100.000000 
3800 100.000000 
3801 100.000000 
3802 100.000000 
3803 100.000000 
3804 100.000000 
3805 100.000000 
3806 100.000000 
3807 100.000000 
3808 100.000000 
3809 100.000000 
3810 100.000000 
3811 100.000000 
3812 100.000000 
3813 100.000000 
3814 100.000000 
3815 100.000000 
3816 100.000000 
3817 100.000000 
3818 100.000000 
3819 100.000000 
3820 100.000000 
3821 100.000000 
3822 100.000000 
3823 100.000000 
3824 100.000000 
3825 100.000000 
3826 100.000000 
3827 100.000000 
3828 100.000000 
3829 100.000000 
3830 100.000000 
3831 100.000000 
3832 100.000000 
3833 100.000000 
3834 100.000000 
3835 100.000000 
3836 100.000000 
3837 100.000000 
3838 100.000000 
3839 100.000000 
3840 100.000000 
3841 100.000000 
3842 100.000000 
3843 100.000000 
3844 100.000000 
3845 100.000000 
3846 100.000000 
3847 100.000000 
3848 100.000000 
3849 100.000000 
3850 100.000000 
3851 100.000000 
3852 100.000000 
3853 100.000000 
3854 100.000000 
3855 100.000000 
3856 100.000000 
3857 100.000000 
3858 100.000000 
3859 100.000000 
3860 100.000000 
3861 100.000000 
3862 100.000000 
3863 100.000000 
3864 100.000000 
3865 100.000000 
3866 100.000000 
3867 100.000000 
3868 100.000000 
3869 100.000000 
3870 100.000000 
3871 100.000000 
3872 100.000000 
3873 100.000000 
3874 100.000000 
3875 100.000000 
3876 100.000000 
3877 100.000000 
3878 100.000000 
3879 100.000000 
3880 100.000000 
3881 100.000000 
3882 100.000000 
3883 100.000000 
3884 100.000000 
3885 100.000000 
3886 100.000000 
3887 100.000000 
3888 100.000000 
3889 100.000000 
3890 100.000000 
3891 100.000000 
3892 100.000000 
3893 100.000000 
3894 100.000000 
3895 100.000000 
3896 100.000000 
3897 100.000000 
3898 100.000000 
3899 100.000000 
3900 100.000000 
3901 100.000000 
3902 100.000000 
3903 100.000000 
3904 100.000000 
3905 100.000000 
3906 100.000000 
3907 100.000000 
3908 100.000000 
3909 100.000000 
3910 100.000000 
3911 100.000000 
3912 100.000000 
3913 100.000000 
3914 100.000000 
3915 100.000000 
3916 100.000000 
3917 100.000000 
3918 100.000000 
3919 100.000000 
3920 100.000000 
3921 100.000000 
3922 100.000000 
3923 100.000000 
3924 100.000000 
3925 100.000000 
3926 100.000000 
3927 100.000000 
3928 100.000000 
3929 100.000000 
3930 100.000000 
3931 100.000000 
3932 100.000000 
3933 100.000000 
3934 100.000000 
3935 100.000000 
3936 100.000000 
3937 100.000000 
3938 100.000000 
3939 100.000000 
3940 100.000000 
3941 100.000000 
3942 100.000000 
3943 100.000000 
3944 100.000000 
3945 100.000000 
3946 100.000000 
3947 100.000000 
3948 100.000000 
3949 100.000000 
3950 100.000000 
3951 100.000000 
3952 100.000000 
3953 100.000000 
3954 100.000000 
3955 100.000000 
3956 100.000000 
3957 100.000000 
3958 100.000000 
3959 100.000000 
3960 100.000000 
3961 100.000000 
3962 100.000000 
3963 100.000000 
3964 100.000000 
3965 100.000000 
3966 100.000000 
3967 100.000000 
3968 100.000000 
3969 100.000000 
3970 100.000000 
3971 100.000000 
3972 100.000000 
3973 100.000000 
3974 100.000000 
3975 100.000000 
3976 100.000000 
3977 100.000000 
3978 100.000000 
3979 100.000000 
3980 100.000000 
3981 100.000000 
3982 100.000000 
3983 100.000000 
3984 100.000000 
3985 100.000000 
3986 100.000000 
3987 100.000000 
3988 100.000000 
3989 100.000000 
3990 100.000000 
3991 100.000000 
3992 100.000000 
3993 100.000000 
3994 100.000000 
3995 100.000000 
3996 100.000000 
3997 100.000000 
3998 100.000000 
3999 100.000000 
4000 100.000000 
